<?xml version="1.0" encoding="UTF-8" standalone="no"?>
<!DOCTYPE svg PUBLIC "-//W3C//DTD SVG 20010904//EN"
              "http://www.w3.org/TR/2001/REC-SVG-20010904/DTD/svg10.dtd">

<svg xmlns="http://www.w3.org/2000/svg"
     width="11in" height="8.5in"
     viewBox="0 0 3300 2550">
  <path id="2-red"
        fill="none" stroke="black" stroke-width="1"
        d="M 1882.32,2185.00
           C 1882.27,2185.00 1622.67,1708.00 1704.00,1624.67
             1895.00,1429.00 2132.00,1401.00 2423.00,1600.00
             2536.00,1722.00 2259.33,2185.00 2259.33,2185.00
             2623.38,2185.00 2861.00,2185.00 2861.00,2185.00
             2861.00,2185.00 2861.00,366.00 2861.00,366.00
             2861.00,366.00 440.00,366.00 440.00,366.00
             440.00,366.00 440.00,1855.47 440.00,2185.00
             443.12,2185.00 1581.71,2185.00 1882.32,2185.00 Z
           M 263.00,201.00
           C 263.00,201.00 3038.00,201.00 3038.00,201.00
             3038.00,201.00 3038.00,2349.00 3038.00,2349.00
             3038.00,2349.00 263.00,2349.00 263.00,2349.00
             263.00,2349.00 263.00,201.00 263.00,201.00 Z
           M 1930.00,1801.00
           C 1930.00,1801.00 2193.00,1801.00 2193.00,1801.00
             2193.00,1801.00 2142.00,1967.00 2111.00,1983.00
             2111.00,1983.00 2036.00,1983.00 2036.00,1983.00
             2006.00,1982.00 1930.00,1801.00 1930.00,1801.00 Z" />
</svg>
