<?xml version="1.0" encoding="UTF-8" standalone="no"?>
<!DOCTYPE svg PUBLIC "-//W3C//DTD SVG 20010904//EN"
              "http://www.w3.org/TR/2001/REC-SVG-20010904/DTD/svg10.dtd">

<svg xmlns="http://www.w3.org/2000/svg"
     width="11in" height="8.5in"
     viewBox="0 0 3300 2550">
  <path id="3-gold"
        fill="none" stroke="black" stroke-width="1"
        d="M 1942.00,1290.00
           C 1940.08,1296.52 1933.71,1301.29 1929.00,1306.00
             1923.12,1311.88 1915.60,1320.30 1908.00,1323.64
             1896.94,1328.49 1884.07,1323.80 1873.00,1320.88
             1873.00,1320.88 1846.00,1313.80 1846.00,1313.80
             1846.00,1313.80 1832.00,1308.77 1832.00,1308.77
             1832.00,1308.77 1804.00,1300.55 1804.00,1300.55
             1790.76,1295.22 1770.61,1282.85 1758.00,1275.20
             1751.17,1271.06 1728.80,1257.40 1724.09,1252.83
             1716.28,1245.24 1715.46,1236.16 1716.72,1226.00
             1717.36,1220.79 1716.73,1219.99 1719.44,1215.00
             1722.62,1209.15 1726.27,1203.45 1733.96,1205.31
             1736.47,1205.92 1750.52,1217.16 1754.00,1219.63
             1764.34,1226.93 1778.54,1234.69 1790.00,1240.22
             1811.96,1250.80 1829.03,1257.10 1852.00,1264.74
             1852.00,1264.74 1866.00,1270.11 1866.00,1270.11
             1866.00,1270.11 1893.00,1277.15 1893.00,1277.15
             1893.00,1277.15 1919.00,1284.58 1919.00,1284.58
             1919.00,1284.58 1942.00,1290.00 1942.00,1290.00 Z
           M 2388.00,1210.53
           C 2397.86,1209.03 2398.67,1215.31 2401.22,1223.00
             2405.97,1237.28 2404.98,1246.61 2393.00,1256.68
             2382.75,1265.29 2363.16,1275.88 2351.00,1282.85
             2351.00,1282.85 2316.00,1301.86 2316.00,1301.86
             2316.00,1301.86 2292.00,1309.44 2292.00,1309.44
             2292.00,1309.44 2280.00,1314.31 2280.00,1314.31
             2262.48,1320.66 2246.55,1323.21 2228.00,1323.00
             2212.63,1322.82 2197.44,1319.17 2185.00,1309.76
             2182.05,1307.53 2173.76,1301.78 2176.08,1297.39
             2177.39,1294.91 2185.22,1292.00 2188.00,1290.78
             2195.56,1287.46 2199.73,1287.74 2207.00,1285.85
             2207.00,1285.85 2231.00,1278.59 2231.00,1278.59
             2231.00,1278.59 2255.00,1270.58 2255.00,1270.58
             2255.00,1270.58 2267.00,1265.45 2267.00,1265.45
             2267.00,1265.45 2290.00,1256.57 2290.00,1256.57
             2290.00,1256.57 2341.00,1233.69 2341.00,1233.69
             2341.00,1233.69 2358.00,1225.69 2358.00,1225.69
             2367.03,1220.83 2378.18,1213.56 2388.00,1210.53 Z
           M 2222.54,2185.00
           C 2586.59,2185.00 2861.00,2185.00 2861.00,2185.00
             2861.00,2185.00 2861.00,366.00 2861.00,366.00
             2861.00,366.00 440.00,366.00 440.00,366.00
             440.00,366.00 440.00,1787.86 440.00,2117.38
             442.27,2115.18 442.00,2115.13 443.62,2113.49
             445.59,2111.51 446.77,2109.35 448.20,2107.00
             448.20,2107.00 459.09,2089.00 459.09,2089.00
             459.09,2089.00 479.40,2062.00 479.40,2062.00
             483.66,2056.66 495.61,2043.89 497.00,2038.00
             497.00,2038.00 523.91,2011.00 523.91,2011.00
             523.91,2011.00 532.01,2002.09 532.01,2002.09
             532.01,2002.09 552.00,1985.00 552.00,1985.00
             552.00,1985.00 568.00,1975.19 568.00,1975.19
             568.00,1975.19 582.00,1966.91 582.00,1966.91
             582.00,1966.91 591.17,1960.31 591.17,1960.31
             591.17,1960.31 603.00,1954.00 603.00,1954.00
             606.86,1960.70 602.33,1966.99 601.14,1974.00
             601.14,1974.00 596.44,1996.00 596.44,1996.00
             596.44,1996.00 593.70,2018.00 593.70,2018.00
             593.70,2018.00 592.82,2033.45 592.82,2033.45
             592.82,2033.45 587.18,2065.09 587.18,2065.09
             586.85,2068.60 587.39,2080.01 586.26,2083.00
             584.95,2086.48 578.90,2092.92 576.27,2096.00
             576.27,2096.00 555.92,2120.00 555.92,2120.00
             555.92,2120.00 530.42,2150.00 530.42,2150.00
             526.88,2154.19 517.59,2165.74 513.99,2168.61
             510.29,2171.55 502.67,2173.93 498.00,2175.80
             492.60,2177.96 484.57,2181.74 473.90,2185.00
             451.85,2185.00 614.09,2185.00 614.09,2185.00
             614.09,2185.00 658.00,2158.05 658.00,2158.05
             658.00,2158.05 675.00,2147.24 675.00,2147.24
             675.00,2147.24 714.00,2115.46 714.00,2115.46
             714.00,2115.46 750.00,2096.74 750.00,2096.74
             750.00,2096.74 798.00,2071.75 798.00,2071.75
             798.00,2071.75 843.00,2048.75 843.00,2048.75
             846.31,2047.10 856.99,2040.80 860.00,2041.27
             863.03,2041.74 876.68,2053.00 880.00,2055.58
             880.00,2055.58 927.00,2093.85 927.00,2093.85
             927.00,2093.85 941.00,2106.09 941.00,2106.09
             941.00,2106.09 956.09,2122.00 956.09,2122.00
             966.56,2133.24 977.12,2143.42 986.14,2156.00
             992.25,2164.52 993.70,2165.93 996.72,2176.00
             997.31,2177.98 998.25,2185.81 999.00,2185.00
             1261.29,2185.00 1581.71,2185.00 1882.32,2185.00
             1882.27,2185.00 1856.00,2171.24 1856.00,2171.24
             1856.00,2171.24 1778.00,2129.31 1778.00,2129.31
             1778.00,2129.31 1603.00,2035.69 1603.00,2035.69
             1603.00,2035.69 1513.00,1987.26 1513.00,1987.26
             1513.00,1987.26 1459.00,1958.31 1459.00,1958.31
             1459.00,1958.31 1381.00,1916.69 1381.00,1916.69
             1381.00,1916.69 1349.00,1899.42 1349.00,1899.42
             1346.24,1897.87 1338.57,1894.77 1337.81,1891.79
             1337.07,1888.88 1342.72,1879.04 1344.25,1876.00
             1344.25,1876.00 1363.75,1836.00 1363.75,1836.00
             1363.75,1836.00 1419.75,1722.00 1419.75,1722.00
             1419.75,1722.00 1441.00,1679.00 1441.00,1679.00
             1441.00,1679.00 1476.00,1697.69 1476.00,1697.69
             1476.00,1697.69 1550.00,1737.69 1550.00,1737.69
             1550.00,1737.69 1650.00,1791.69 1650.00,1791.69
             1650.00,1791.69 1697.00,1817.00 1697.00,1817.00
             1697.00,1817.00 1770.00,1972.00 1770.00,1972.00
             1770.00,1972.00 1800.00,1859.50 1800.00,1859.50
             1800.00,1859.50 1870.00,1921.00 1870.00,1921.00
             1870.00,1921.00 1978.00,2154.00 1978.00,2154.00
             2035.50,2169.00 2078.50,2176.00 2153.50,2156.00
             2153.50,2156.00 2260.00,1923.00 2260.00,1923.00
             2260.00,1923.00 2328.50,1861.00 2328.50,1861.00
             2328.50,1861.00 2371.00,1962.00 2371.00,1962.00
             2371.00,1962.00 2442.00,1815.00 2442.00,1815.00
             2442.00,1815.00 2614.00,1692.90 2614.00,1692.90
             2614.00,1692.90 2641.00,1682.95 2641.00,1682.95
             2641.00,1682.95 2666.00,1674.00 2666.00,1674.00
             2666.00,1674.00 2678.58,1705.00 2678.58,1705.00
             2678.58,1705.00 2692.58,1739.00 2692.58,1739.00
             2692.58,1739.00 2735.42,1843.00 2735.42,1843.00
             2735.42,1843.00 2758.00,1898.00 2758.00,1898.00
             2758.00,1898.00 2706.00,1926.31 2706.00,1926.31
             2706.00,1926.31 2630.00,1967.31 2630.00,1967.31
             2630.00,1967.31 2376.00,2104.31 2376.00,2104.31
             2376.00,2104.31 2307.00,2141.69 2307.00,2141.69
             2307.00,2141.69 2272.00,2160.42 2272.00,2160.42
             2272.00,2160.42 2240.00,2177.76 2240.00,2177.76
             2230.51,2182.61 2230.34,2182.05 2224.66,2184.27
             2224.66,2184.27 2222.54,2185.00 2222.54,2185.00 Z
           M 263.00,201.00
           C 263.00,201.00 3038.00,201.00 3038.00,201.00
             3038.00,201.00 3038.00,2349.00 3038.00,2349.00
             3038.00,2349.00 263.00,2349.00 263.00,2349.00
             263.00,2349.00 263.00,201.00 263.00,201.00 Z
           M 1787.00,1535.00
           C 1756.00,1476.00 1705.33,1445.33 1637.33,1371.33
             1630.67,1354.00 1619.00,1299.50 1619.00,1299.50
             1619.00,1299.50 1665.50,1111.00 1665.50,1111.00
             1665.50,1111.00 1650.00,935.50 1650.00,935.50
             1650.00,935.50 1678.00,854.50 1678.00,854.50
             1678.00,854.50 1660.55,681.05 1664.55,670.55
             1671.11,640.80 1838.00,707.18 1852.55,718.55
             1905.33,775.33 1963.50,1029.33 1963.50,1030.00
             1997.17,1047.33 2124.50,1047.50 2157.50,1027.50
             2157.50,1027.50 2180.50,890.00 2271.50,713.00
             2295.00,682.50 2430.50,662.00 2455.50,663.00
             2455.50,663.00 2444.00,867.00 2444.00,867.00
             2444.00,867.00 2466.00,953.00 2466.00,953.00
             2466.00,953.00 2453.50,1104.50 2453.50,1104.50
             2453.50,1104.50 2493.00,1299.50 2493.00,1299.50
             2493.00,1299.50 2487.00,1335.00 2484.50,1349.50
             2442.00,1424.00 2378.00,1454.50 2330.00,1524.00
             2293.50,1576.00 2270.44,1690.81 2270.44,1690.81
             2270.44,1690.81 2293.25,1759.25 2293.25,1759.25
             2293.25,1759.25 2226.75,1828.25 2226.75,1828.25
             2226.75,1828.25 2183.50,1777.75 2183.50,1777.75
             2183.50,1777.75 1921.00,1779.67 1921.00,1779.67
             1921.00,1779.67 1886.50,1828.50 1886.50,1828.50
             1886.50,1828.50 1818.50,1760.50 1818.50,1760.50
             1818.50,1760.50 1843.27,1690.18 1843.27,1690.18
             1843.27,1690.18 1817.00,1572.00 1787.00,1535.00 Z
           M 1843.26,1690.17
           C 1843.26,1690.17 1885.00,1726.00 1885.00,1726.00
             1885.00,1726.00 1907.00,1692.33 1907.00,1692.33
             1907.00,1692.33 2206.67,1692.00 2206.67,1692.00
             2206.67,1692.00 2230.00,1728.00 2230.00,1728.00
             2230.00,1728.00 2270.39,1690.83 2270.39,1690.83" />
</svg>
