<?xml version="1.0" encoding="UTF-8" standalone="no"?>
<!DOCTYPE svg PUBLIC "-//W3C//DTD SVG 20010904//EN"
              "http://www.w3.org/TR/2001/REC-SVG-20010904/DTD/svg10.dtd">

<svg xmlns="http://www.w3.org/2000/svg"
     width="11in" height="8.5in"
     viewBox="0 0 3300 2550">
  <path id="4-red"
        fill="none" stroke="black" stroke-width="1"
        d="M 263.00,201.00
           C 263.00,201.00 3038.00,201.00 3038.00,201.00
             3038.00,201.00 3038.00,2349.00 3038.00,2349.00
             3038.00,2349.00 263.00,2349.00 263.00,2349.00
             263.00,2349.00 263.00,201.00 263.00,201.00 Z
           M 2143.00,368.00
           C 2154.67,369.00 2166.85,371.53 2177.00,373.55
             2177.00,373.55 2206.00,379.37 2206.00,379.37
             2206.00,379.37 2246.00,391.00 2246.00,391.00
             2246.00,391.00 2286.00,402.66 2286.00,402.66
             2286.00,402.66 2302.00,407.67 2302.00,407.67
             2302.00,407.67 2320.00,419.67 2320.00,419.67
             2320.00,419.67 2358.00,445.58 2358.00,445.58
             2358.00,445.58 2400.00,474.24 2400.00,474.24
             2400.00,474.24 2419.00,490.72 2419.00,490.72
             2419.00,490.72 2438.47,508.28 2438.47,508.28
             2438.47,508.28 2449.60,526.00 2449.60,526.00
             2449.60,526.00 2468.25,559.00 2468.25,559.00
             2476.38,575.26 2484.81,591.84 2490.91,609.00
             2490.91,609.00 2496.88,633.00 2496.88,633.00
             2498.86,641.32 2503.91,659.46 2504.04,667.00
             2504.04,667.00 2504.04,681.00 2504.04,681.00
             2504.04,681.00 2505.00,693.00 2505.00,693.00
             2505.00,693.00 2506.00,730.00 2506.00,730.00
             2506.00,730.00 2507.00,748.00 2507.00,748.00
             2507.00,748.00 2506.00,761.00 2506.00,761.00
             2506.00,761.00 2506.00,833.00 2506.00,833.00
             2506.00,833.00 2505.00,848.00 2505.00,848.00
             2504.95,852.92 2504.37,869.37 2505.93,873.00
             2509.25,880.71 2522.00,890.04 2523.70,900.00
             2523.70,900.00 2526.16,922.00 2526.16,922.00
             2526.16,922.00 2532.28,974.00 2532.28,974.00
             2532.28,974.00 2539.16,1033.00 2539.16,1033.00
             2539.16,1033.00 2542.96,1065.00 2542.96,1065.00
             2542.96,1065.00 2542.00,1080.00 2542.00,1080.00
             2542.00,1080.00 2542.00,1130.00 2542.00,1130.00
             2542.00,1130.00 2541.00,1147.00 2541.00,1147.00
             2540.99,1151.05 2541.26,1158.35 2540.48,1162.00
             2538.71,1170.36 2535.12,1174.49 2535.00,1184.00
             2535.00,1184.00 2534.00,1208.00 2534.00,1208.00
             2533.89,1216.82 2529.01,1224.97 2525.58,1233.00
             2520.49,1244.92 2515.61,1256.75 2509.15,1268.00
             2509.15,1268.00 2492.33,1298.00 2492.33,1298.00
             2492.33,1298.00 2484.37,1345.00 2484.37,1345.00
             2484.37,1345.00 2458.44,1399.00 2458.44,1399.00
             2458.44,1399.00 2446.06,1453.00 2446.06,1453.00
             2446.06,1453.00 2442.00,1479.75 2438.50,1503.50
             2438.50,1503.50 2500.00,1523.31 2500.00,1523.31
             2500.00,1523.31 2525.00,1535.75 2525.00,1535.75
             2525.00,1535.75 2570.00,1558.25 2570.00,1558.25
             2570.00,1558.25 2597.00,1571.55 2597.00,1571.55
             2597.00,1571.55 2626.00,1581.33 2626.00,1581.33
             2626.00,1581.33 2682.00,1600.00 2682.00,1600.00
             2682.00,1600.00 2714.00,1611.31 2714.00,1611.31
             2714.00,1611.31 2815.00,1659.31 2815.00,1659.31
             2815.00,1659.31 2860.00,1680.00 2860.00,1680.00
             2860.00,1680.00 2860.62,1680.16 2861.00,1680.63
             2861.00,1142.31 2861.00,366.00 2861.00,366.00
             2861.00,366.00 2541.34,366.00 2134.33,366.00
             2142.67,367.33 2140.64,368.55 2143.00,368.00 Z
           M 914.50,1886.00
           C 914.50,1886.00 1070.50,1944.50 1071.00,1944.50
             1071.50,1944.50 1409.00,1756.00 1409.00,1756.00
             1409.00,1756.00 1454.00,1673.00 1454.00,1673.00
             1454.00,1673.00 1499.00,1696.00 1499.00,1696.00
             1499.00,1696.00 1448.00,1946.00 1448.00,1946.00
             1448.00,1946.00 1410.00,1955.00 1410.00,1955.00
             1410.00,1955.00 1283.67,2017.00 1267.00,2039.00
             1252.33,2043.00 1166.33,2120.00 1166.33,2120.00
             1166.33,2120.00 1150.75,2117.75 1150.75,2117.75
             1150.75,2117.75 1135.75,2131.75 1135.75,2131.75
             1135.75,2131.75 1131.75,2158.12 1131.75,2158.12
             1131.75,2158.12 1149.72,2184.99 1149.72,2184.99
             1149.72,2184.99 440.00,2185.00 440.00,2185.00
             440.00,2185.00 440.00,2118.73 440.00,2118.35
             440.00,1790.65 440.00,366.00 440.00,366.00
             440.00,366.00 1277.19,366.00 1966.95,366.00
             1964.59,366.69 1962.00,368.00 1962.00,368.00
             1952.99,368.01 1952.11,369.07 1944.00,370.54
             1944.00,370.54 1932.00,372.42 1932.00,372.42
             1932.00,372.42 1889.00,383.63 1889.00,383.63
             1889.00,383.63 1869.00,388.72 1869.00,388.72
             1869.00,388.72 1830.00,402.31 1830.00,402.31
             1830.00,402.31 1816.00,407.32 1816.00,407.32
             1816.00,407.32 1777.00,429.67 1777.00,429.67
             1777.00,429.67 1769.00,433.95 1769.00,433.95
             1769.00,433.95 1762.00,438.90 1762.00,438.90
             1762.00,438.90 1723.00,464.80 1723.00,464.80
             1723.00,464.80 1710.00,477.72 1710.00,477.72
             1696.05,490.05 1681.29,501.61 1669.32,516.00
             1666.13,519.83 1656.98,532.69 1654.81,537.00
             1654.81,537.00 1649.69,548.00 1649.69,548.00
             1649.69,548.00 1640.32,564.00 1640.32,564.00
             1637.11,570.93 1637.27,576.35 1634.91,583.00
             1629.06,599.48 1621.40,613.19 1617.66,631.00
             1617.66,631.00 1612.91,685.00 1612.91,685.00
             1612.91,685.00 1610.17,715.00 1610.17,715.00
             1610.17,715.00 1608.83,735.00 1608.83,735.00
             1608.83,735.00 1607.00,758.00 1607.00,758.00
             1607.00,758.00 1606.18,774.00 1606.18,774.00
             1606.18,774.00 1606.97,785.00 1606.97,785.00
             1606.97,785.00 1606.31,802.00 1606.31,802.00
             1606.31,802.00 1608.00,827.00 1608.00,827.00
             1608.00,827.00 1608.00,840.00 1608.00,840.00
             1608.13,851.00 1610.72,850.22 1606.80,863.00
             1602.65,876.51 1597.35,880.38 1593.99,887.00
             1592.46,890.03 1587.54,906.33 1586.81,910.00
             1586.81,910.00 1582.84,944.00 1582.84,944.00
             1582.84,944.00 1576.84,995.00 1576.84,995.00
             1574.75,1014.45 1572.03,1033.39 1572.00,1053.00
             1572.00,1053.00 1569.04,1082.00 1569.04,1082.00
             1569.04,1082.00 1569.04,1103.00 1569.04,1103.00
             1569.04,1103.00 1570.00,1125.00 1570.00,1125.00
             1570.01,1134.15 1572.19,1143.03 1573.75,1152.00
             1573.75,1152.00 1581.58,1196.00 1581.58,1196.00
             1581.58,1196.00 1589.86,1239.00 1589.86,1239.00
             1592.41,1246.17 1596.30,1250.70 1600.31,1257.00
             1600.31,1257.00 1616.04,1287.00 1616.04,1287.00
             1616.04,1287.00 1618.23,1295.00 1618.23,1295.00
             1618.23,1295.00 1627.10,1324.00 1627.10,1324.00
             1628.51,1329.77 1631.05,1342.06 1633.40,1347.00
             1633.40,1347.00 1649.22,1373.00 1649.22,1373.00
             1649.22,1373.00 1655.80,1403.00 1655.80,1403.00
             1655.80,1403.00 1667.00,1458.00 1667.00,1458.00
             1667.00,1458.00 1672.55,1484.00 1672.55,1484.00
             1673.38,1487.06 1675.41,1495.89 1674.39,1498.72
             1672.08,1505.13 1660.48,1509.99 1655.00,1513.26
             1643.16,1520.32 1630.88,1526.36 1618.00,1531.39
             1618.00,1531.39 1607.00,1534.93 1607.00,1534.93
             1607.00,1534.93 1595.00,1540.19 1595.00,1540.19
             1595.00,1540.19 1571.00,1548.42 1571.00,1548.42
             1571.00,1548.42 1546.00,1558.66 1546.00,1558.66
             1546.00,1558.66 1514.00,1569.45 1514.00,1569.45
             1514.00,1569.45 1493.00,1578.40 1493.00,1578.40
             1493.00,1578.40 1474.00,1585.45 1474.00,1585.45
             1474.00,1585.45 1437.00,1600.45 1437.00,1600.45
             1437.00,1600.45 1420.00,1607.94 1420.00,1607.94
             1409.93,1611.74 1412.87,1607.54 1396.00,1614.06
             1386.61,1617.69 1377.62,1623.02 1369.09,1628.33
             1369.09,1628.33 1360.99,1634.12 1360.99,1634.12
             1360.99,1634.12 1349.88,1635.75 1349.88,1635.75
             1346.50,1635.44 1345.66,1634.44 1338.50,1635.00
             1338.50,1635.00 1331.00,1638.00 1331.00,1638.00
             1331.00,1638.00 1299.00,1651.43 1299.00,1651.43
             1299.00,1651.43 1282.00,1657.08 1282.00,1657.08
             1282.00,1657.08 1253.58,1669.33 1253.58,1669.33
             1253.58,1669.33 1224.00,1680.71 1224.00,1680.71
             1224.00,1680.71 1190.00,1695.93 1190.00,1695.93
             1190.00,1695.93 1180.00,1699.42 1180.00,1699.42
             1180.00,1699.42 1133.58,1720.38 1133.58,1720.38
             1133.58,1720.38 1126.42,1723.04 1126.42,1723.04
             1126.42,1723.04 1084.00,1744.21 1084.00,1744.21
             1084.00,1744.21 1033.00,1768.25 1033.00,1768.25
             1033.00,1768.25 1019.00,1776.20 1019.00,1776.20
             1019.00,1776.20 996.17,1787.93 996.17,1787.93
             996.17,1787.93 983.58,1795.40 983.58,1795.40
             963.24,1807.01 952.57,1810.26 933.00,1826.00
             921.22,1818.57 907.36,1818.56 894.00,1820.06
             894.00,1820.06 882.00,1820.06 882.00,1820.06
             882.00,1820.06 871.00,1822.54 871.00,1822.54
             871.00,1822.54 859.00,1824.28 859.00,1824.28
             859.00,1824.28 833.00,1831.44 833.00,1831.44
             818.19,1835.72 809.38,1838.10 795.00,1844.51
             795.00,1844.51 781.00,1852.45 781.00,1852.45
             781.00,1852.45 766.00,1858.94 766.00,1858.94
             766.00,1858.94 749.00,1864.89 749.00,1864.89
             749.00,1864.89 742.00,1869.04 742.00,1869.04
             742.00,1869.04 723.00,1878.45 723.00,1878.45
             723.00,1878.45 704.04,1885.81 704.04,1885.81
             704.04,1885.81 691.83,1894.60 691.83,1894.60
             691.83,1894.60 679.00,1900.03 679.00,1900.03
             665.92,1906.74 653.01,1914.41 641.09,1923.00
             623.05,1936.00 620.50,1949.50 620.50,1949.50
             607.17,1955.91 600.50,2072.00 600.50,2072.00
             600.50,2072.00 731.00,1990.00 731.00,1990.00
             731.00,1990.00 904.50,1905.50 904.50,1905.50
             904.50,1905.50 914.50,1886.00 914.50,1886.00 Z
           M 2861.00,1834.50
           C 2861.00,1834.50 2795.50,1808.00 2731.50,1773.00
             2710.50,1733.00 2675.50,1678.50 2675.50,1678.50
             2675.50,1678.50 2626.00,1698.50 2625.00,1698.50
             2624.00,1698.50 2669.00,1939.00 2669.00,1939.00
             2669.00,1939.00 2829.75,2017.00 2861.00,2051.50
             2861.00,2051.26 2861.00,1834.50 2861.00,1834.50 Z
           M 2855.04,2053.65M 1942.00,1290.00
           C 1940.08,1296.52 1933.71,1301.29 1929.00,1306.00
             1923.12,1311.88 1915.60,1320.30 1908.00,1323.64
             1896.94,1328.49 1884.07,1323.80 1873.00,1320.88
             1873.00,1320.88 1846.00,1313.80 1846.00,1313.80
             1846.00,1313.80 1832.00,1308.77 1832.00,1308.77
             1832.00,1308.77 1804.00,1300.55 1804.00,1300.55
             1790.76,1295.22 1770.61,1282.85 1758.00,1275.20
             1751.17,1271.06 1728.80,1257.40 1724.09,1252.83
             1716.28,1245.24 1715.46,1236.16 1716.72,1226.00
             1717.36,1220.79 1716.73,1219.99 1719.44,1215.00
             1722.62,1209.15 1726.27,1203.45 1733.96,1205.31
             1736.47,1205.92 1750.52,1217.16 1754.00,1219.63
             1764.34,1226.93 1778.54,1234.69 1790.00,1240.22
             1811.96,1250.80 1829.03,1257.10 1852.00,1264.74
             1852.00,1264.74 1866.00,1270.11 1866.00,1270.11
             1866.00,1270.11 1893.00,1277.15 1893.00,1277.15
             1893.00,1277.15 1919.00,1284.58 1919.00,1284.58
             1919.00,1284.58 1942.00,1290.00 1942.00,1290.00 Z
           M 2388.00,1210.53
           C 2397.86,1209.03 2398.67,1215.31 2401.22,1223.00
             2405.97,1237.28 2404.98,1246.61 2393.00,1256.68
             2382.75,1265.29 2363.16,1275.88 2351.00,1282.85
             2351.00,1282.85 2316.00,1301.86 2316.00,1301.86
             2316.00,1301.86 2292.00,1309.44 2292.00,1309.44
             2292.00,1309.44 2280.00,1314.31 2280.00,1314.31
             2262.48,1320.66 2246.55,1323.21 2228.00,1323.00
             2212.63,1322.82 2197.44,1319.17 2185.00,1309.76
             2182.05,1307.53 2173.76,1301.78 2176.08,1297.39
             2177.39,1294.91 2185.22,1292.00 2188.00,1290.78
             2195.56,1287.46 2199.73,1287.74 2207.00,1285.85
             2207.00,1285.85 2231.00,1278.59 2231.00,1278.59
             2231.00,1278.59 2255.00,1270.58 2255.00,1270.58
             2255.00,1270.58 2267.00,1265.45 2267.00,1265.45
             2267.00,1265.45 2290.00,1256.57 2290.00,1256.57
             2290.00,1256.57 2341.00,1233.69 2341.00,1233.69
             2341.00,1233.69 2358.00,1225.69 2358.00,1225.69
             2367.03,1220.83 2378.18,1213.56 2388.00,1210.53 Z
           M 1704.00,1623.00
           C 1704.00,1623.00 2071.00,1761.00 2071.00,1761.00
             2071.00,1761.00 2410.00,1601.00 2421.00,1603.00
             2472.00,1683.00 2455.50,1735.50 2431.50,1812.00
             2379.00,1918.00 2304.67,2101.33 2304.67,2101.33
             2304.67,2101.33 2181.85,2134.90 2141.00,2134.50
             2124.00,2160.50 2030.00,2165.00 2005.29,2135.93
             1952.70,2135.41 1832.67,2100.67 1832.67,2100.67
             1832.67,2100.67 1717.00,1834.00 1717.00,1834.00
             1717.00,1834.00 1660.00,1705.00 1704.00,1623.00 Z" />
</svg>
