<?xml version="1.0" encoding="UTF-8" standalone="no"?>
<!DOCTYPE svg PUBLIC "-//W3C//DTD SVG 20010904//EN"
              "http://www.w3.org/TR/2001/REC-SVG-20010904/DTD/svg10.dtd">

<svg xmlns="http://www.w3.org/2000/svg"
     width="11in" height="8.5in"
     viewBox="0 0 3300 2550">
  <path id="5-red"
        fill="none" stroke="black" stroke-width="1"
        d="M 263.00,201.00
           C 263.00,201.00 3038.00,201.00 3038.00,201.00
             3038.00,201.00 3038.00,2349.00 3038.00,2349.00
             3038.00,2349.00 263.00,2349.00 263.00,2349.00
             263.00,2349.00 263.00,201.00 263.00,201.00 Z
           M 1942.00,1290.00
           C 1940.08,1296.52 1933.71,1301.29 1929.00,1306.00
             1923.12,1311.88 1915.60,1320.30 1908.00,1323.64
             1896.94,1328.49 1884.07,1323.80 1873.00,1320.88
             1873.00,1320.88 1846.00,1313.80 1846.00,1313.80
             1846.00,1313.80 1832.00,1308.77 1832.00,1308.77
             1832.00,1308.77 1804.00,1300.55 1804.00,1300.55
             1790.76,1295.22 1770.61,1282.85 1758.00,1275.20
             1751.17,1271.06 1728.80,1257.40 1724.09,1252.83
             1716.28,1245.24 1715.46,1236.16 1716.72,1226.00
             1717.36,1220.79 1716.73,1219.99 1719.44,1215.00
             1722.62,1209.15 1726.27,1203.45 1733.96,1205.31
             1736.47,1205.92 1750.52,1217.16 1754.00,1219.63
             1764.34,1226.93 1778.54,1234.69 1790.00,1240.22
             1811.96,1250.80 1829.03,1257.10 1852.00,1264.74
             1852.00,1264.74 1866.00,1270.11 1866.00,1270.11
             1866.00,1270.11 1893.00,1277.15 1893.00,1277.15
             1893.00,1277.15 1919.00,1284.58 1919.00,1284.58
             1919.00,1284.58 1942.00,1290.00 1942.00,1290.00 Z
           M 2388.00,1210.53
           C 2397.86,1209.03 2398.67,1215.31 2401.22,1223.00
             2405.97,1237.28 2404.98,1246.61 2393.00,1256.68
             2382.75,1265.29 2363.16,1275.88 2351.00,1282.85
             2351.00,1282.85 2316.00,1301.86 2316.00,1301.86
             2316.00,1301.86 2292.00,1309.44 2292.00,1309.44
             2292.00,1309.44 2280.00,1314.31 2280.00,1314.31
             2262.48,1320.66 2246.55,1323.21 2228.00,1323.00
             2212.63,1322.82 2197.44,1319.17 2185.00,1309.76
             2182.05,1307.53 2173.76,1301.78 2176.08,1297.39
             2177.39,1294.91 2185.22,1292.00 2188.00,1290.78
             2195.56,1287.46 2199.73,1287.74 2207.00,1285.85
             2207.00,1285.85 2231.00,1278.59 2231.00,1278.59
             2231.00,1278.59 2255.00,1270.58 2255.00,1270.58
             2255.00,1270.58 2267.00,1265.45 2267.00,1265.45
             2267.00,1265.45 2290.00,1256.57 2290.00,1256.57
             2290.00,1256.57 2341.00,1233.69 2341.00,1233.69
             2341.00,1233.69 2358.00,1225.69 2358.00,1225.69
             2367.03,1220.83 2378.18,1213.56 2388.00,1210.53 Z
           M 1827.33,2146.00
           C 1827.33,2146.00 1440.00,1953.33 1440.00,1953.33
             1440.00,1953.33 1489.33,1702.00 1489.33,1702.00
             1489.33,1702.00 1685.95,1553.60 1677.51,1515.20
             1675.50,1506.03 1674.43,1499.86 1674.88,1498.62
             1675.89,1495.80 1673.38,1487.06 1672.55,1484.00
             1672.55,1484.00 1667.00,1458.00 1667.00,1458.00
             1667.00,1458.00 1655.80,1403.00 1655.80,1403.00
             1655.80,1403.00 1649.22,1373.00 1649.22,1373.00
             1649.22,1373.00 1633.40,1347.00 1633.40,1347.00
             1631.05,1342.06 1628.51,1329.77 1627.10,1324.00
             1627.10,1324.00 1618.23,1295.00 1618.23,1295.00
             1618.23,1295.00 1616.04,1287.00 1616.04,1287.00
             1616.04,1287.00 1600.31,1257.00 1600.31,1257.00
             1596.30,1250.70 1592.41,1246.17 1589.86,1239.00
             1589.86,1239.00 1581.58,1196.00 1581.58,1196.00
             1581.58,1196.00 1573.75,1152.00 1573.75,1152.00
             1572.19,1143.03 1570.01,1134.15 1570.00,1125.00
             1570.00,1125.00 1569.04,1103.00 1569.04,1103.00
             1569.04,1103.00 1569.04,1082.00 1569.04,1082.00
             1569.04,1082.00 1572.00,1053.00 1572.00,1053.00
             1572.03,1033.39 1574.75,1014.45 1576.84,995.00
             1576.84,995.00 1582.84,944.00 1582.84,944.00
             1582.84,944.00 1586.81,910.00 1586.81,910.00
             1587.54,906.33 1592.46,890.03 1593.99,887.00
             1597.35,880.38 1602.65,876.51 1606.80,863.00
             1610.72,850.22 1608.13,851.00 1608.00,840.00
             1608.00,840.00 1608.00,827.00 1608.00,827.00
             1608.00,827.00 1606.31,802.00 1606.31,802.00
             1606.31,802.00 1606.97,785.00 1606.97,785.00
             1606.97,785.00 1606.18,774.00 1606.18,774.00
             1606.18,774.00 1607.00,758.00 1607.00,758.00
             1607.00,758.00 1608.83,735.00 1608.83,735.00
             1608.83,735.00 1610.17,715.00 1610.17,715.00
             1610.17,715.00 1612.91,685.00 1612.91,685.00
             1612.91,685.00 1617.66,631.00 1617.66,631.00
             1621.40,613.19 1629.06,599.48 1634.91,583.00
             1637.27,576.35 1637.11,570.93 1640.32,564.00
             1640.32,564.00 1649.69,548.00 1649.69,548.00
             1649.69,548.00 1654.81,537.00 1654.81,537.00
             1656.98,532.69 1666.13,519.83 1669.32,516.00
             1681.29,501.61 1696.05,490.05 1710.00,477.72
             1710.00,477.72 1723.00,464.80 1723.00,464.80
             1723.00,464.80 1762.00,438.90 1762.00,438.90
             1762.00,438.90 1769.00,433.95 1769.00,433.95
             1769.00,433.95 1777.00,429.67 1777.00,429.67
             1777.00,429.67 1816.00,407.32 1816.00,407.32
             1816.00,407.32 1830.00,402.31 1830.00,402.31
             1830.00,402.31 1869.00,388.72 1869.00,388.72
             1869.00,388.72 1889.00,383.63 1889.00,383.63
             1889.00,383.63 1932.00,372.42 1932.00,372.42
             1932.00,372.42 1944.00,370.54 1944.00,370.54
             1952.11,369.07 1952.99,368.01 1962.00,368.00
             1962.00,368.00 1964.59,366.69 1966.95,366.00
             1277.19,366.00 440.00,366.00 440.00,366.00
             440.00,366.00 440.00,1790.65 440.00,2118.35
             440.00,2118.73 440.00,2185.00 440.00,2185.00
             440.00,2185.00 484.30,2185.00 560.93,2185.00
             577.00,2144.50 647.00,1884.50 647.00,1884.50
             647.00,1884.50 647.06,1879.09 647.60,1877.00
             647.60,1877.00 650.59,1858.00 650.59,1858.00
             653.70,1838.63 659.78,1804.40 660.04,1786.00
             660.04,1786.00 660.04,1777.00 660.04,1777.00
             660.04,1777.00 660.96,1766.00 660.96,1766.00
             660.96,1766.00 659.09,1744.00 659.09,1744.00
             659.09,1744.00 657.83,1721.00 657.83,1721.00
             657.83,1721.00 656.00,1696.00 656.00,1696.00
             656.00,1696.00 656.00,1673.00 656.00,1673.00
             656.00,1673.00 655.00,1650.00 655.00,1650.00
             655.00,1650.00 654.04,1635.00 654.04,1635.00
             654.04,1635.00 654.91,1627.00 654.91,1627.00
             654.91,1627.00 656.91,1599.00 656.91,1599.00
             656.91,1599.00 659.46,1567.00 659.46,1567.00
             659.46,1567.00 668.35,1529.00 668.35,1529.00
             668.35,1529.00 684.34,1467.00 684.34,1467.00
             684.34,1467.00 695.67,1431.00 695.67,1431.00
             695.67,1431.00 701.47,1411.00 701.47,1411.00
             701.57,1406.62 697.20,1399.62 695.77,1395.00
             695.77,1395.00 693.24,1383.00 693.24,1383.00
             693.24,1383.00 687.15,1363.00 687.15,1363.00
             682.89,1347.41 679.97,1320.74 677.72,1304.00
             677.72,1304.00 674.28,1283.00 674.28,1283.00
             674.28,1283.00 667.20,1237.00 667.20,1237.00
             667.20,1237.00 663.88,1224.00 663.88,1224.00
             663.88,1224.00 660.33,1209.00 660.33,1209.00
             660.33,1209.00 650.55,1180.00 650.55,1180.00
             648.29,1174.47 643.82,1170.30 643.27,1164.17
             642.60,1156.56 647.98,1143.26 654.18,1138.84
             658.43,1135.81 666.75,1133.78 672.00,1134.04
             679.16,1134.41 690.56,1140.36 697.00,1143.78
             718.17,1155.03 730.42,1171.54 743.33,1191.00
             746.77,1196.18 756.55,1212.68 758.45,1218.00
             763.78,1232.88 762.42,1244.93 765.00,1254.00
             765.00,1254.00 774.84,1234.58 774.84,1234.58
             775.19,1231.93 771.99,1223.33 771.29,1220.00
             771.29,1220.00 765.42,1187.00 765.42,1187.00
             765.42,1187.00 758.58,1148.00 758.58,1148.00
             756.01,1136.30 751.02,1112.28 751.00,1101.00
             751.00,1101.00 751.00,1085.00 751.00,1085.00
             751.00,1085.00 752.00,1069.00 752.00,1069.00
             752.00,1069.00 752.00,1056.00 752.00,1056.00
             752.00,1056.00 754.83,1028.00 754.83,1028.00
             754.83,1028.00 756.17,1009.00 756.17,1009.00
             756.17,1009.00 759.83,976.00 759.83,976.00
             759.83,976.00 762.17,952.00 762.17,952.00
             762.17,952.00 763.91,937.00 763.91,937.00
             764.13,933.01 763.43,931.49 763.18,928.00
             762.80,922.61 766.04,908.81 767.35,903.00
             767.35,903.00 779.63,854.00 779.63,854.00
             779.63,854.00 785.64,830.00 785.64,830.00
             785.64,830.00 788.18,822.00 788.18,822.00
             789.17,817.76 787.79,817.29 789.63,812.00
             789.63,812.00 798.95,788.00 798.95,788.00
             798.95,788.00 812.44,753.00 812.44,753.00
             812.44,753.00 821.01,738.00 821.01,738.00
             821.01,738.00 823.75,726.00 823.75,726.00
             827.29,715.15 833.98,701.04 842.00,693.00
             849.74,685.26 852.59,684.46 862.00,679.75
             866.99,677.26 875.76,672.71 881.00,671.53
             881.00,671.53 892.00,670.51 892.00,670.51
             907.69,669.52 920.10,677.09 928.31,690.00
             932.93,697.27 933.99,699.48 934.00,708.00
             934.00,708.00 934.00,745.00 934.00,745.00
             933.72,768.97 925.03,790.27 925.00,810.00
             925.00,810.00 925.00,815.00 925.00,815.00
             925.00,815.00 918.96,867.00 918.96,867.00
             918.96,867.00 918.96,882.00 918.96,882.00
             918.96,882.00 918.00,892.00 918.00,892.00
             917.84,905.95 914.34,919.35 911.60,933.00
             911.60,933.00 908.57,949.00 908.57,949.00
             908.57,949.00 909.32,964.00 909.32,964.00
             909.32,964.00 923.37,1015.00 923.37,1015.00
             923.37,1015.00 928.79,1037.00 928.79,1037.00
             932.62,1054.99 931.48,1057.72 939.28,1076.00
             941.16,1080.40 944.26,1091.92 949.09,1093.10
             950.99,1093.57 954.15,1092.56 956.00,1091.97
             967.92,1088.20 967.23,1082.41 972.26,1072.00
             972.26,1072.00 993.94,1024.00 993.94,1024.00
             993.94,1024.00 1003.14,994.00 1003.14,994.00
             1003.14,994.00 1019.29,938.00 1019.29,938.00
             1019.29,938.00 1027.21,910.00 1027.21,910.00
             1027.21,910.00 1034.14,893.00 1034.14,893.00
             1034.14,893.00 1045.51,861.00 1045.51,861.00
             1045.51,861.00 1068.14,820.00 1068.14,820.00
             1077.58,802.98 1081.47,791.79 1094.59,776.00
             1094.59,776.00 1107.17,761.17 1107.17,761.17
             1112.06,756.33 1131.61,742.67 1138.00,739.32
             1138.00,739.32 1149.00,734.72 1149.00,734.72
             1156.82,731.43 1164.27,726.66 1173.00,727.04
             1182.74,727.46 1200.37,737.91 1206.71,745.01
             1212.71,751.73 1214.43,755.95 1218.96,763.00
             1218.96,763.00 1223.29,769.00 1223.29,769.00
             1224.54,771.04 1228.22,781.67 1228.45,784.00
             1228.73,786.82 1227.17,792.91 1226.61,796.00
             1224.97,805.12 1225.63,808.90 1221.77,818.00
             1217.78,827.41 1214.35,828.63 1211.76,835.00
             1211.76,835.00 1203.31,864.00 1203.31,864.00
             1203.31,864.00 1191.34,894.00 1191.34,894.00
             1191.34,894.00 1181.57,931.00 1181.57,931.00
             1181.57,931.00 1174.72,952.00 1174.72,952.00
             1174.72,952.00 1167.26,981.00 1167.26,981.00
             1167.26,981.00 1162.88,995.00 1162.88,995.00
             1162.88,995.00 1157.10,1026.00 1157.10,1026.00
             1157.10,1026.00 1154.15,1036.00 1154.15,1036.00
             1154.15,1036.00 1151.78,1046.00 1151.78,1046.00
             1151.78,1046.00 1149.30,1053.00 1149.30,1053.00
             1149.30,1053.00 1147.43,1061.00 1147.43,1061.00
             1147.43,1061.00 1141.76,1079.00 1141.76,1079.00
             1141.76,1079.00 1140.28,1088.09 1140.28,1088.09
             1140.28,1088.09 1133.88,1105.00 1133.88,1105.00
             1133.88,1105.00 1125.00,1145.00 1125.00,1145.00
             1122.21,1154.76 1118.09,1172.59 1122.00,1182.00
             1125.19,1173.87 1132.97,1168.24 1137.75,1161.00
             1137.75,1161.00 1156.69,1126.00 1156.69,1126.00
             1156.69,1126.00 1163.26,1112.00 1163.26,1112.00
             1163.26,1112.00 1172.69,1096.00 1172.69,1096.00
             1172.69,1096.00 1183.06,1077.00 1183.06,1077.00
             1183.06,1077.00 1208.80,1039.00 1208.80,1039.00
             1208.80,1039.00 1222.81,1013.00 1222.81,1013.00
             1233.54,995.70 1253.54,972.41 1270.00,960.59
             1274.24,957.55 1286.88,952.53 1292.00,952.27
             1295.62,952.09 1302.20,954.40 1306.00,955.37
             1306.00,955.37 1316.00,957.83 1316.00,957.83
             1327.62,961.89 1342.38,973.27 1352.00,981.00
             1360.74,988.03 1368.83,993.70 1373.88,1004.00
             1376.39,1009.12 1378.23,1023.30 1377.91,1029.00
             1377.91,1029.00 1374.78,1049.00 1374.78,1049.00
             1374.78,1049.00 1371.78,1057.00 1371.78,1057.00
             1371.78,1057.00 1369.91,1065.00 1369.91,1065.00
             1365.03,1080.15 1361.24,1086.33 1354.78,1100.00
             1354.78,1100.00 1332.69,1144.00 1332.69,1144.00
             1332.69,1144.00 1320.12,1166.00 1320.12,1166.00
             1320.12,1166.00 1315.74,1176.00 1315.74,1176.00
             1315.74,1176.00 1307.87,1192.00 1307.87,1192.00
             1307.87,1192.00 1303.68,1203.00 1303.68,1203.00
             1303.68,1203.00 1291.06,1228.00 1291.06,1228.00
             1288.11,1235.82 1288.68,1242.23 1287.20,1250.00
             1287.20,1250.00 1283.26,1264.09 1283.26,1264.09
             1281.45,1273.62 1281.22,1284.41 1282.00,1294.00
             1282.00,1294.00 1306.00,1276.91 1306.00,1276.91
             1315.68,1269.97 1335.58,1255.48 1340.45,1245.00
             1342.73,1240.08 1342.99,1235.30 1343.00,1230.00
             1343.00,1230.00 1342.00,1200.00 1342.00,1200.00
             1342.10,1192.43 1344.59,1187.96 1347.19,1181.00
             1350.85,1171.20 1353.45,1165.64 1364.00,1161.46
             1370.48,1158.90 1389.55,1157.92 1397.00,1158.00
             1404.78,1158.09 1409.77,1160.26 1417.00,1162.67
             1439.28,1170.10 1467.56,1190.44 1474.11,1214.00
             1475.71,1219.31 1474.07,1224.62 1474.11,1230.00
             1473.70,1255.65 1470.44,1270.09 1461.42,1294.00
             1461.42,1294.00 1456.69,1307.00 1456.69,1307.00
             1456.69,1307.00 1426.78,1362.00 1426.78,1362.00
             1426.78,1362.00 1415.97,1387.00 1415.97,1387.00
             1415.97,1387.00 1410.45,1398.00 1410.45,1398.00
             1410.45,1398.00 1403.25,1419.00 1403.25,1419.00
             1403.25,1419.00 1399.17,1430.00 1399.17,1430.00
             1399.17,1430.00 1392.26,1454.00 1392.26,1454.00
             1392.26,1454.00 1384.67,1475.00 1384.67,1475.00
             1384.67,1475.00 1381.53,1486.00 1381.53,1486.00
             1377.78,1495.77 1363.98,1510.38 1361.23,1517.00
             1359.43,1521.30 1360.31,1526.84 1359.38,1532.00
             1359.38,1532.00 1355.42,1547.00 1355.42,1547.00
             1355.42,1547.00 1352.67,1564.00 1352.67,1564.00
             1352.67,1564.00 1345.65,1585.00 1345.65,1585.00
             1345.65,1585.00 1342.60,1601.00 1342.60,1601.00
             1338.79,1620.07 1335.26,1631.25 1327.00,1649.00
             1327.00,1649.00 1326.38,1651.36 1326.00,1652.00
             1326.00,1652.00 1190.67,2076.00 1130.00,2090.67
             1111.33,2125.33 1120.77,2166.11 1114.97,2185.00
             1356.14,2185.00 1632.83,2185.00 1893.79,2185.00
             1856.00,2164.00 1827.33,2146.00 1827.33,2146.00 Z
           M 2251.59,2185.00
           C 2601.09,2185.00 2861.00,2185.00 2861.00,2185.00
             2861.00,1646.68 2861.00,366.00 2861.00,366.00
             2861.00,366.00 2541.34,366.00 2134.33,366.00
             2142.67,367.33 2140.64,368.55 2143.00,368.00
             2154.67,369.00 2166.85,371.53 2177.00,373.55
             2177.00,373.55 2206.00,379.37 2206.00,379.37
             2206.00,379.37 2246.00,391.00 2246.00,391.00
             2246.00,391.00 2286.00,402.66 2286.00,402.66
             2286.00,402.66 2302.00,407.67 2302.00,407.67
             2302.00,407.67 2320.00,419.67 2320.00,419.67
             2320.00,419.67 2358.00,445.58 2358.00,445.58
             2358.00,445.58 2400.00,474.24 2400.00,474.24
             2400.00,474.24 2419.00,490.72 2419.00,490.72
             2419.00,490.72 2438.47,508.28 2438.47,508.28
             2438.47,508.28 2449.60,526.00 2449.60,526.00
             2449.60,526.00 2468.25,559.00 2468.25,559.00
             2476.38,575.26 2484.81,591.84 2490.91,609.00
             2490.91,609.00 2496.88,633.00 2496.88,633.00
             2498.86,641.32 2503.91,659.46 2504.04,667.00
             2504.04,667.00 2504.04,681.00 2504.04,681.00
             2504.04,681.00 2505.00,693.00 2505.00,693.00
             2505.00,693.00 2506.00,730.00 2506.00,730.00
             2506.00,730.00 2507.00,748.00 2507.00,748.00
             2507.00,748.00 2506.00,761.00 2506.00,761.00
             2506.00,761.00 2506.00,833.00 2506.00,833.00
             2506.00,833.00 2505.00,848.00 2505.00,848.00
             2504.95,852.92 2504.37,869.37 2505.93,873.00
             2509.25,880.71 2522.00,890.04 2523.70,900.00
             2523.70,900.00 2526.16,922.00 2526.16,922.00
             2526.16,922.00 2532.28,974.00 2532.28,974.00
             2532.28,974.00 2539.16,1033.00 2539.16,1033.00
             2539.16,1033.00 2542.96,1065.00 2542.96,1065.00
             2542.96,1065.00 2542.00,1080.00 2542.00,1080.00
             2542.00,1080.00 2542.00,1130.00 2542.00,1130.00
             2542.00,1130.00 2541.00,1147.00 2541.00,1147.00
             2540.99,1151.05 2541.26,1158.35 2540.48,1162.00
             2538.71,1170.36 2535.12,1174.49 2535.00,1184.00
             2535.00,1184.00 2534.00,1208.00 2534.00,1208.00
             2533.89,1216.82 2529.01,1224.97 2525.58,1233.00
             2520.49,1244.92 2515.61,1256.75 2509.15,1268.00
             2509.15,1268.00 2492.33,1298.00 2492.33,1298.00
             2492.33,1298.00 2484.37,1345.00 2484.37,1345.00
             2484.37,1345.00 2458.44,1399.00 2458.44,1399.00
             2458.44,1399.00 2446.06,1453.00 2446.06,1453.00
             2446.06,1453.00 2442.00,1479.75 2438.50,1503.50
             2438.50,1503.50 2618.00,1694.00 2618.00,1694.00
             2618.00,1694.00 2669.33,1960.67 2669.33,1960.67
             2669.33,1960.67 2310.67,2148.67 2310.67,2148.67
             2310.67,2148.67 2294.67,2158.67 2251.59,2185.00 Z
           M 2304.00,2103.00
           C 2304.00,2103.00 2431.33,1840.67 2440.67,1742.00
             2454.67,1727.33 2429.02,1544.62 2419.66,1585.23
             2410.52,1624.86 2401.50,1664.00 2401.50,1664.00
             2401.50,1664.00 2197.50,1867.50 2197.50,1867.50
             2139.33,1894.00 2066.50,1897.00 2066.50,1897.00
             2066.50,1897.00 1951.33,1883.67 1926.50,1865.00
             1926.25,1865.75 1711.00,1644.50 1711.00,1644.50
             1684.00,1596.75 1686.00,1702.75 1686.67,1700.00
             1693.00,1816.50 1830.50,2100.50 1830.50,2100.50
             1830.50,2100.50 2037.00,2160.50 2037.00,2160.50
             2037.00,2160.50 2112.50,2160.00 2112.50,2160.00
             2112.50,2160.00 2304.00,2103.00 2304.00,2103.00 Z" />
</svg>
