<?xml version="1.0" encoding="UTF-8" standalone="no"?>
<!DOCTYPE svg PUBLIC "-//W3C//DTD SVG 20010904//EN"
              "http://www.w3.org/TR/2001/REC-SVG-20010904/DTD/svg10.dtd">

<svg xmlns="http://www.w3.org/2000/svg"
     width="11in" height="8.5in"
     viewBox="0 0 3300 2550">
  <path id="5-stabelizer"
        fill="none" stroke="black" stroke-width="1"
        d="M 910.00,1732.47
           C 918.89,1731.23 928.32,1733.44 934.67,1740.18
             948.99,1755.38 941.48,1781.48 920.00,1785.53
             893.84,1790.47 877.71,1758.88 895.33,1740.18
             899.21,1736.06 904.59,1733.75 910.00,1732.47 Z
           M 1218.00,1406.47
           C 1226.89,1405.23 1236.32,1407.44 1242.67,1414.18
             1256.99,1429.38 1249.48,1455.48 1228.00,1459.53
             1201.84,1464.47 1185.71,1432.88 1203.33,1414.18
             1207.21,1410.06 1212.59,1407.75 1218.00,1406.47 Z
           M 1101.00,1343.47
           C 1109.89,1342.23 1119.32,1344.44 1125.67,1351.18
             1139.99,1366.38 1132.48,1392.48 1111.00,1396.53
             1084.84,1401.47 1068.71,1369.88 1086.33,1351.18
             1090.21,1347.06 1095.59,1344.75 1101.00,1343.47 Z
           M 950.00,1302.47
           C 958.89,1301.23 968.32,1303.44 974.67,1310.18
             988.99,1325.38 981.48,1351.48 960.00,1355.53
             933.84,1360.47 917.71,1328.88 935.33,1310.18
             939.21,1306.06 944.59,1303.75 950.00,1302.47 Z
           M 820.00,1301.47
           C 828.89,1300.23 838.32,1302.44 844.67,1309.18
             858.99,1324.38 851.48,1350.48 830.00,1354.53
             803.84,1359.47 787.71,1327.88 805.33,1309.18
             809.21,1305.06 814.59,1302.75 820.00,1301.47 Z
           M 1221.50,1291.50
           C 1221.50,1291.50 1363.98,1510.38 1361.23,1517.00
             1359.43,1521.30 1360.31,1526.84 1359.38,1532.00
             1359.38,1532.00 1355.42,1547.00 1355.42,1547.00
             1355.42,1547.00 1352.67,1564.00 1352.67,1564.00
             1352.67,1564.00 1345.65,1585.00 1345.65,1585.00
             1345.65,1585.00 1342.60,1601.00 1342.60,1601.00
             1338.79,1620.07 1335.26,1631.25 1327.00,1649.00
             1327.00,1649.00 1326.38,1651.36 1326.00,1652.00
             1326.00,1652.00 1190.67,2076.00 1130.00,2090.67
             1111.33,2125.33 1120.77,2166.11 1114.97,2185.00
             1143.79,2185.00 1173.12,2185.00 1202.87,2185.00
             1202.87,2185.00 1201.21,2349.00 1201.21,2349.00
             892.43,2349.00 616.93,2349.00 445.64,2349.00
             445.64,2349.00 440.00,2185.00 440.00,2185.00
             440.00,2185.00 484.30,2185.00 560.93,2185.00
             577.00,2144.50 647.00,1884.50 647.00,1884.50
             647.00,1884.50 647.06,1879.09 647.60,1877.00
             647.60,1877.00 650.59,1858.00 650.59,1858.00
             653.70,1838.63 659.78,1804.40 660.04,1786.00
             660.04,1786.00 660.04,1777.00 660.04,1777.00
             660.04,1777.00 660.96,1766.00 660.96,1766.00
             660.96,1766.00 659.09,1744.00 659.09,1744.00
             659.09,1744.00 657.83,1721.00 657.83,1721.00
             657.83,1721.00 656.00,1696.00 656.00,1696.00
             656.00,1696.00 656.00,1673.00 656.00,1673.00
             656.00,1673.00 655.00,1650.00 655.00,1650.00
             655.00,1650.00 654.04,1635.00 654.04,1635.00
             654.04,1635.00 654.91,1627.00 654.91,1627.00
             654.91,1627.00 656.91,1599.00 656.91,1599.00
             656.91,1599.00 659.46,1567.00 659.46,1567.00
             659.46,1567.00 668.35,1529.00 668.35,1529.00
             668.35,1529.00 684.34,1467.00 684.34,1467.00
             684.34,1467.00 695.67,1431.00 695.67,1431.00
             695.67,1431.00 701.47,1411.00 701.47,1411.00
             701.57,1406.62 762.42,1244.93 765.00,1254.00
             765.00,1254.00 1220.72,1281.91 1221.50,1291.50 Z" />
</svg>
