<?xml version="1.0" encoding="UTF-8" standalone="no"?>
<!DOCTYPE svg PUBLIC "-//W3C//DTD SVG 20010904//EN"
              "http://www.w3.org/TR/2001/REC-SVG-20010904/DTD/svg10.dtd">

<svg xmlns="http://www.w3.org/2000/svg"
     width="11in" height="8.5in"
     viewBox="0 0 3300 2550">
  <path id="6-red"
        fill="none" stroke="black" stroke-width="1"
        d="M 263.00,201.00
           C 263.00,201.00 3038.00,201.00 3038.00,201.00
             3038.00,201.00 3038.00,2349.00 3038.00,2349.00
             3038.00,2349.00 263.00,2349.00 263.00,2349.00
             263.00,2349.00 263.00,201.00 263.00,201.00 Z
           M 1942.00,1290.00
           C 1940.08,1296.52 1933.71,1301.29 1929.00,1306.00
             1923.12,1311.88 1915.60,1320.30 1908.00,1323.64
             1896.94,1328.49 1884.07,1323.80 1873.00,1320.88
             1873.00,1320.88 1846.00,1313.80 1846.00,1313.80
             1846.00,1313.80 1832.00,1308.77 1832.00,1308.77
             1832.00,1308.77 1804.00,1300.55 1804.00,1300.55
             1790.76,1295.22 1770.61,1282.85 1758.00,1275.20
             1751.17,1271.06 1728.80,1257.40 1724.09,1252.83
             1716.28,1245.24 1715.46,1236.16 1716.72,1226.00
             1717.36,1220.79 1716.73,1219.99 1719.44,1215.00
             1722.62,1209.15 1726.27,1203.45 1733.96,1205.31
             1736.47,1205.92 1750.52,1217.16 1754.00,1219.63
             1764.34,1226.93 1778.54,1234.69 1790.00,1240.22
             1811.96,1250.80 1829.03,1257.10 1852.00,1264.74
             1852.00,1264.74 1866.00,1270.11 1866.00,1270.11
             1866.00,1270.11 1893.00,1277.15 1893.00,1277.15
             1893.00,1277.15 1919.00,1284.58 1919.00,1284.58
             1919.00,1284.58 1942.00,1290.00 1942.00,1290.00 Z
           M 2388.00,1210.53
           C 2397.86,1209.03 2398.67,1215.31 2401.22,1223.00
             2405.97,1237.28 2404.98,1246.61 2393.00,1256.68
             2382.75,1265.29 2363.16,1275.88 2351.00,1282.85
             2351.00,1282.85 2316.00,1301.86 2316.00,1301.86
             2316.00,1301.86 2292.00,1309.44 2292.00,1309.44
             2292.00,1309.44 2280.00,1314.31 2280.00,1314.31
             2262.48,1320.66 2246.55,1323.21 2228.00,1323.00
             2212.63,1322.82 2197.44,1319.17 2185.00,1309.76
             2182.05,1307.53 2173.76,1301.78 2176.08,1297.39
             2177.39,1294.91 2185.22,1292.00 2188.00,1290.78
             2195.56,1287.46 2199.73,1287.74 2207.00,1285.85
             2207.00,1285.85 2231.00,1278.59 2231.00,1278.59
             2231.00,1278.59 2255.00,1270.58 2255.00,1270.58
             2255.00,1270.58 2267.00,1265.45 2267.00,1265.45
             2267.00,1265.45 2290.00,1256.57 2290.00,1256.57
             2290.00,1256.57 2341.00,1233.69 2341.00,1233.69
             2341.00,1233.69 2358.00,1225.69 2358.00,1225.69
             2367.03,1220.83 2378.18,1213.56 2388.00,1210.53 Z
           M 862.50,1275.00
           C 869.83,1293.67 854.00,1363.00 844.00,1380.00
             831.00,1386.00 796.00,1392.00 788.00,1377.00
             784.00,1348.00 791.50,1292.00 808.50,1275.00
             829.50,1256.00 863.00,1269.00 862.50,1275.00 Z
           M 921.00,1253.50
           C 955.00,1231.50 1005.00,1254.50 1012.00,1269.00
             1019.50,1290.00 1007.50,1365.00 988.50,1403.00
             928.50,1415.00 903.00,1387.50 903.00,1387.50
             899.00,1376.50 905.50,1275.00 921.00,1253.50 Z
           M 1081.00,1310.00
           C 1113.50,1266.50 1177.50,1322.00 1162.50,1354.50
             1162.50,1354.50 1134.50,1437.00 1111.50,1442.50
             1094.00,1446.50 1065.00,1436.50 1050.00,1420.00
             1042.50,1398.50 1055.50,1357.00 1081.00,1310.00 Z
           M 1208.00,1378.00
           C 1233.00,1363.33 1274.67,1373.00 1279.00,1421.00
             1279.00,1421.00 1249.67,1479.33 1226.67,1491.00
             1216.33,1499.33 1181.33,1509.00 1171.33,1464.67
             1171.00,1454.33 1182.33,1402.00 1208.00,1378.00 Z
           M 988.00,1690.00
           C 994.00,1722.00 962.00,1841.00 934.00,1859.00
             868.00,1874.00 850.00,1850.00 846.00,1831.00
             845.00,1759.00 888.00,1673.00 888.00,1673.00
             902.00,1640.03 987.00,1652.00 988.00,1690.00 Z
           M 1456.69,1307.00
           C 1456.69,1307.00 1461.42,1294.00 1461.42,1294.00
             1470.44,1270.09 1472.10,1257.40 1472.50,1231.75
             1472.88,1225.69 1473.00,1224.00 1466.00,1216.67
             1449.00,1193.75 1405.50,1172.58 1367.50,1193.25
             1359.67,1220.00 1342.73,1240.08 1340.45,1245.00
             1335.58,1255.48 1315.68,1269.97 1306.00,1276.91
             1306.00,1276.91 1282.00,1294.00 1282.00,1294.00
             1281.22,1284.41 1281.45,1273.62 1283.26,1264.09
             1283.26,1264.09 1287.20,1250.00 1287.20,1250.00
             1288.68,1242.23 1288.11,1235.82 1291.06,1228.00
             1291.06,1228.00 1303.68,1203.00 1303.68,1203.00
             1303.68,1203.00 1307.87,1192.00 1307.87,1192.00
             1307.87,1192.00 1315.74,1176.00 1315.74,1176.00
             1315.74,1176.00 1320.12,1166.00 1320.12,1166.00
             1320.12,1166.00 1332.69,1144.00 1332.69,1144.00
             1332.69,1144.00 1354.78,1100.00 1354.78,1100.00
             1361.24,1086.33 1364.50,1074.75 1363.25,1070.62
             1357.75,1038.12 1320.12,1002.25 1320.12,1002.25
             1272.25,964.75 1233.54,995.70 1222.81,1013.00
             1222.81,1013.00 1208.80,1039.00 1208.80,1039.00
             1208.80,1039.00 1183.06,1077.00 1183.06,1077.00
             1183.06,1077.00 1172.69,1096.00 1172.69,1096.00
             1172.69,1096.00 1163.26,1112.00 1163.26,1112.00
             1163.26,1112.00 1156.69,1126.00 1156.69,1126.00
             1156.69,1126.00 1137.75,1161.00 1137.75,1161.00
             1132.97,1168.24 1125.19,1173.87 1122.00,1182.00
             1118.09,1172.59 1122.21,1154.76 1125.00,1145.00
             1125.00,1145.00 1133.88,1105.00 1133.88,1105.00
             1133.88,1105.00 1140.28,1088.09 1140.28,1088.09
             1140.28,1088.09 1141.76,1079.00 1141.76,1079.00
             1141.76,1079.00 1147.43,1061.00 1147.43,1061.00
             1147.43,1061.00 1149.30,1053.00 1149.30,1053.00
             1149.30,1053.00 1151.78,1046.00 1151.78,1046.00
             1151.78,1046.00 1154.15,1036.00 1154.15,1036.00
             1154.15,1036.00 1157.10,1026.00 1157.10,1026.00
             1157.10,1026.00 1162.88,995.00 1162.88,995.00
             1162.88,995.00 1167.26,981.00 1167.26,981.00
             1167.26,981.00 1174.72,952.00 1174.72,952.00
             1174.72,952.00 1181.57,931.00 1181.57,931.00
             1181.57,931.00 1191.34,894.00 1191.34,894.00
             1191.34,894.00 1191.86,891.90 1191.00,883.12
             1191.00,883.12 1169.09,811.09 1146.50,799.00
             1091.50,783.00 1077.58,802.98 1068.14,820.00
             1068.14,820.00 1045.51,861.00 1045.51,861.00
             1045.51,861.00 1034.14,893.00 1034.14,893.00
             1034.14,893.00 1027.21,910.00 1027.21,910.00
             1027.21,910.00 1019.29,938.00 1019.29,938.00
             1019.29,938.00 1003.14,994.00 1003.14,994.00
             1003.14,994.00 993.94,1024.00 993.94,1024.00
             993.94,1024.00 972.26,1072.00 972.26,1072.00
             967.23,1082.41 967.92,1088.20 956.00,1091.97
             954.15,1092.56 950.99,1093.57 949.09,1093.10
             944.26,1091.92 941.16,1080.40 939.28,1076.00
             931.48,1057.72 932.62,1054.99 928.79,1037.00
             928.79,1037.00 923.37,1015.00 923.37,1015.00
             923.37,1015.00 909.32,964.00 909.32,964.00
             909.32,964.00 908.57,949.00 908.57,949.00
             908.57,949.00 911.60,933.00 911.60,933.00
             914.34,919.35 917.84,905.95 918.00,892.00
             918.00,892.00 918.96,882.00 918.96,882.00
             918.96,882.00 918.96,867.00 918.96,867.00
             918.96,867.00 925.00,815.00 925.00,815.00
             925.00,815.00 925.00,810.00 925.00,810.00
             925.01,801.48 935.50,774.50 886.00,731.00
             857.01,712.81 821.01,738.00 821.01,738.00
             821.01,738.00 812.44,753.00 812.44,753.00
             812.44,753.00 798.95,788.00 798.95,788.00
             798.95,788.00 789.63,812.00 789.63,812.00
             787.79,817.29 789.17,817.76 788.18,822.00
             788.18,822.00 785.64,830.00 785.64,830.00
             785.64,830.00 779.63,854.00 779.63,854.00
             779.63,854.00 767.35,903.00 767.35,903.00
             766.04,908.81 762.80,922.61 763.18,928.00
             763.43,931.49 764.13,933.01 763.91,937.00
             763.91,937.00 762.17,952.00 762.17,952.00
             762.17,952.00 759.83,976.00 759.83,976.00
             759.83,976.00 756.17,1009.00 756.17,1009.00
             756.17,1009.00 754.83,1028.00 754.83,1028.00
             754.83,1028.00 752.00,1056.00 752.00,1056.00
             752.00,1056.00 752.00,1069.00 752.00,1069.00
             752.00,1069.00 751.00,1085.00 751.00,1085.00
             751.00,1085.00 751.00,1101.00 751.00,1101.00
             751.02,1112.28 756.01,1136.30 758.58,1148.00
             758.58,1148.00 765.42,1187.00 765.42,1187.00
             765.42,1187.00 771.29,1220.00 771.29,1220.00
             771.99,1223.33 775.19,1231.93 774.84,1234.58
             774.84,1234.58 765.00,1254.00 765.00,1254.00
             763.74,1246.24 714.45,1419.42 701.47,1411.00
             701.47,1411.00 695.67,1431.00 695.67,1431.00
             695.67,1431.00 684.34,1467.00 684.34,1467.00
             684.34,1467.00 668.35,1529.00 668.35,1529.00
             668.35,1529.00 659.46,1567.00 659.46,1567.00
             659.46,1567.00 654.04,1635.00 654.04,1635.00
             654.04,1635.00 655.00,1650.00 655.00,1650.00
             655.00,1650.00 656.00,1673.00 656.00,1673.00
             656.00,1673.00 656.00,1696.00 656.00,1696.00
             656.00,1696.00 657.83,1721.00 657.83,1721.00
             657.83,1721.00 659.09,1744.00 659.09,1744.00
             659.09,1744.00 660.96,1766.00 660.96,1766.00
             660.96,1766.00 660.04,1777.00 660.04,1777.00
             660.04,1777.00 660.04,1786.00 660.04,1786.00
             659.78,1804.40 653.70,1838.63 650.59,1858.00
             650.59,1858.00 647.60,1877.00 647.60,1877.00
             647.06,1879.09 647.00,1884.50 647.00,1884.50
             647.00,1884.50 577.00,2144.50 560.93,2185.00
             560.93,2185.00 440.00,2185.00 440.00,2185.00
             440.00,2185.00 440.00,2118.73 440.00,2118.35
             440.00,1790.65 440.00,366.00 440.00,366.00
             440.00,366.00 1277.19,366.00 1966.95,366.00
             1964.59,366.69 1962.00,368.00 1962.00,368.00
             1952.99,368.01 1952.11,369.07 1944.00,370.54
             1944.00,370.54 1932.00,372.42 1932.00,372.42
             1932.00,372.42 1889.00,383.63 1889.00,383.63
             1889.00,383.63 1869.00,388.72 1869.00,388.72
             1869.00,388.72 1830.00,402.31 1830.00,402.31
             1830.00,402.31 1816.00,407.32 1816.00,407.32
             1816.00,407.32 1777.00,429.67 1777.00,429.67
             1777.00,429.67 1769.00,433.95 1769.00,433.95
             1769.00,433.95 1762.00,438.90 1762.00,438.90
             1762.00,438.90 1723.00,464.80 1723.00,464.80
             1723.00,464.80 1710.00,477.72 1710.00,477.72
             1696.05,490.05 1681.29,501.61 1669.32,516.00
             1666.13,519.83 1656.98,532.69 1654.81,537.00
             1654.81,537.00 1649.69,548.00 1649.69,548.00
             1649.69,548.00 1640.32,564.00 1640.32,564.00
             1637.11,570.93 1637.27,576.35 1634.91,583.00
             1629.06,599.48 1621.40,613.19 1617.66,631.00
             1617.66,631.00 1612.91,685.00 1612.91,685.00
             1612.91,685.00 1610.17,715.00 1610.17,715.00
             1610.17,715.00 1608.83,735.00 1608.83,735.00
             1608.83,735.00 1607.00,758.00 1607.00,758.00
             1607.00,758.00 1606.18,774.00 1606.18,774.00
             1606.18,774.00 1606.97,785.00 1606.97,785.00
             1606.97,785.00 1606.31,802.00 1606.31,802.00
             1606.31,802.00 1608.00,827.00 1608.00,827.00
             1608.00,827.00 1608.00,840.00 1608.00,840.00
             1608.13,851.00 1608.91,849.64 1610.25,863.50
             1610.73,878.00 1610.50,897.25 1618.50,914.00
             1616.96,917.03 1644.80,944.47 1652.25,947.50
             1652.25,947.50 1664.00,1075.33 1664.00,1075.33
             1671.90,1115.91 1638.93,1219.81 1625.09,1266.18
             1621.42,1278.48 1619.82,1296.91 1619.82,1296.91
             1619.82,1296.91 1627.10,1324.00 1627.10,1324.00
             1628.51,1329.77 1631.05,1342.06 1633.40,1347.00
             1633.40,1347.00 1649.22,1373.00 1649.22,1373.00
             1649.22,1373.00 1655.80,1403.00 1655.80,1403.00
             1655.80,1403.00 1667.00,1458.00 1667.00,1458.00
             1667.00,1458.00 1672.55,1484.00 1672.55,1484.00
             1673.38,1487.06 1675.89,1495.80 1674.88,1498.62
             1674.43,1499.86 1675.50,1506.03 1677.51,1515.20
             1685.95,1553.60 1695.00,1594.00 1711.00,1644.50
             1711.00,1644.50 1926.25,1865.75 1926.50,1865.00
             1951.33,1883.67 2066.50,1897.00 2066.50,1897.00
             2066.50,1897.00 2139.33,1894.00 2197.50,1867.50
             2197.50,1867.50 2401.50,1664.00 2401.50,1664.00
             2401.50,1664.00 2410.52,1624.86 2419.66,1585.23
             2429.02,1544.62 2438.50,1503.50 2438.50,1503.50
             2442.00,1479.75 2446.06,1453.00 2446.06,1453.00
             2446.06,1453.00 2458.44,1399.00 2458.44,1399.00
             2458.44,1399.00 2484.37,1345.00 2484.37,1345.00
             2484.37,1345.00 2492.33,1298.00 2492.33,1298.00
             2496.00,1275.00 2459.00,1158.50 2453.50,1105.50
             2449.50,1006.00 2468.67,949.33 2468.67,949.33
             2466.96,939.37 2510.65,892.38 2507.33,884.67
             2505.77,881.04 2504.95,852.92 2505.00,848.00
             2505.00,848.00 2506.00,833.00 2506.00,833.00
             2506.00,833.00 2506.00,761.00 2506.00,761.00
             2506.00,761.00 2507.00,748.00 2507.00,748.00
             2507.00,748.00 2506.00,730.00 2506.00,730.00
             2506.00,730.00 2505.00,693.00 2505.00,693.00
             2505.00,693.00 2504.04,681.00 2504.04,681.00
             2504.04,681.00 2504.04,667.00 2504.04,667.00
             2503.91,659.46 2498.86,641.32 2496.88,633.00
             2496.88,633.00 2490.91,609.00 2490.91,609.00
             2484.81,591.84 2476.38,575.26 2468.25,559.00
             2468.25,559.00 2449.60,526.00 2449.60,526.00
             2449.60,526.00 2438.47,508.28 2438.47,508.28
             2438.47,508.28 2419.00,490.72 2419.00,490.72
             2419.00,490.72 2400.00,474.24 2400.00,474.24
             2400.00,474.24 2358.00,445.58 2358.00,445.58
             2358.00,445.58 2320.00,419.67 2320.00,419.67
             2320.00,419.67 2302.00,407.67 2302.00,407.67
             2302.00,407.67 2286.00,402.66 2286.00,402.66
             2286.00,402.66 2246.00,391.00 2246.00,391.00
             2246.00,391.00 2206.00,379.37 2206.00,379.37
             2206.00,379.37 2177.00,373.55 2177.00,373.55
             2166.85,371.53 2154.67,369.00 2143.00,368.00
             2140.64,368.55 2142.67,367.33 2134.33,366.00
             2541.34,366.00 2861.00,366.00 2861.00,366.00
             2861.00,366.00 2861.00,1646.68 2861.00,2185.00
             2861.00,2185.00 1891.21,2185.00 1179.20,2185.00
             1157.54,2185.00 1145.29,2185.00 1114.97,2185.00
             1120.77,2166.11 1111.33,2125.33 1130.00,2090.67
             1190.67,2076.00 1326.00,1652.00 1326.00,1652.00
             1326.38,1651.36 1338.79,1620.07 1342.60,1601.00
             1342.60,1601.00 1345.65,1585.00 1345.65,1585.00
             1345.65,1585.00 1357.52,1538.67 1359.45,1516.91
             1362.21,1510.29 1377.78,1495.77 1381.53,1486.00
             1381.53,1486.00 1384.67,1475.00 1384.67,1475.00
             1384.67,1475.00 1392.26,1454.00 1392.26,1454.00
             1392.26,1454.00 1399.17,1430.00 1399.17,1430.00
             1399.17,1430.00 1403.25,1419.00 1403.25,1419.00
             1403.25,1419.00 1410.45,1398.00 1410.45,1398.00
             1410.45,1398.00 1415.97,1387.00 1415.97,1387.00
             1415.97,1387.00 1426.78,1362.00 1426.78,1362.00
             1426.78,1362.00 1456.69,1307.00 1456.69,1307.00 Z
           M 2109.00,1074.00" />
</svg>
