<?xml version="1.0" encoding="UTF-8" standalone="no"?>
<!DOCTYPE svg PUBLIC "-//W3C//DTD SVG 20010904//EN"
              "http://www.w3.org/TR/2001/REC-SVG-20010904/DTD/svg10.dtd">

<svg xmlns="http://www.w3.org/2000/svg"
     width="11in" height="8.5in"
     viewBox="0 0 3300 2550">
  <path id="7-gold"
        fill="none" stroke="black" stroke-width="1"
        d="M 862.50,1275.00
           C 869.83,1293.67 854.00,1363.00 844.00,1380.00
             831.00,1386.00 796.00,1392.00 788.00,1377.00
             784.00,1348.00 791.50,1292.00 808.50,1275.00
             829.50,1256.00 863.00,1269.00 862.50,1275.00 Z
           M 921.00,1253.50
           C 955.00,1231.50 1005.00,1254.50 1012.00,1269.00
             1019.50,1290.00 1007.50,1365.00 988.50,1403.00
             928.50,1415.00 903.00,1387.50 903.00,1387.50
             899.00,1376.50 905.50,1275.00 921.00,1253.50 Z
           M 1081.00,1310.00
           C 1113.50,1266.50 1177.50,1322.00 1162.50,1354.50
             1162.50,1354.50 1134.50,1437.00 1111.50,1442.50
             1094.00,1446.50 1065.00,1436.50 1050.00,1420.00
             1042.50,1398.50 1055.50,1357.00 1081.00,1310.00 Z
           M 1208.00,1378.00
           C 1233.00,1363.33 1274.67,1373.00 1279.00,1421.00
             1279.00,1421.00 1249.67,1479.33 1226.67,1491.00
             1216.33,1499.33 1181.33,1509.00 1171.33,1464.67
             1171.00,1454.33 1182.33,1402.00 1208.00,1378.00 Z
           M 988.00,1690.00
           C 994.00,1722.00 962.00,1841.00 934.00,1859.00
             868.00,1874.00 850.00,1850.00 846.00,1831.00
             845.00,1759.00 888.00,1673.00 888.00,1673.00
             902.00,1640.03 987.00,1652.00 988.00,1690.00 Z
           M 263.00,201.00
           C 263.00,201.00 3038.00,201.00 3038.00,201.00
             3038.00,201.00 3038.00,2349.00 3038.00,2349.00
             3038.00,2349.00 263.00,2349.00 263.00,2349.00
             263.00,2349.00 263.00,201.00 263.00,201.00 Z
           M 440.00,366.00
           C 440.00,366.00 440.00,1790.65 440.00,2118.35
             440.00,2118.73 440.00,2185.00 440.00,2185.00
             440.00,2185.00 484.30,2185.00 560.93,2185.00
             577.00,2144.50 647.00,1884.50 647.00,1884.50
             647.00,1884.50 647.06,1879.09 647.60,1877.00
             647.60,1877.00 650.59,1858.00 650.59,1858.00
             653.70,1838.63 659.78,1804.40 660.04,1786.00
             660.04,1786.00 660.04,1777.00 660.04,1777.00
             660.04,1777.00 660.96,1766.00 660.96,1766.00
             660.96,1766.00 659.09,1744.00 659.09,1744.00
             659.09,1744.00 657.83,1721.00 657.83,1721.00
             657.83,1721.00 656.00,1696.00 656.00,1696.00
             656.00,1696.00 656.00,1673.00 656.00,1673.00
             656.00,1673.00 655.00,1650.00 655.00,1650.00
             655.00,1650.00 654.04,1635.00 654.04,1635.00
             654.04,1635.00 654.91,1627.00 654.91,1627.00
             654.91,1627.00 656.91,1599.00 656.91,1599.00
             656.91,1599.00 659.46,1567.00 659.46,1567.00
             659.46,1567.00 668.35,1529.00 668.35,1529.00
             668.35,1529.00 684.34,1467.00 684.34,1467.00
             684.34,1467.00 695.67,1431.00 695.67,1431.00
             695.67,1431.00 701.47,1411.00 701.47,1411.00
             714.45,1419.42 763.74,1246.24 765.00,1254.00
             765.00,1254.00 774.84,1234.58 774.84,1234.58
             775.19,1231.93 771.99,1223.33 771.29,1220.00
             771.29,1220.00 765.42,1187.00 765.42,1187.00
             765.42,1187.00 758.58,1148.00 758.58,1148.00
             756.01,1136.30 757.52,1112.28 757.50,1101.00
             757.50,1101.00 758.75,1082.25 764.00,1082.25
             775.75,1078.75 831.33,1078.00 856.00,1090.00
             856.00,1090.00 896.00,1163.00 896.00,1163.00
             897.50,1183.00 899.50,1191.50 900.73,1212.00
             909.09,1203.82 919.66,1195.82 924.50,1197.00
             926.40,1197.46 966.65,1099.34 968.50,1098.75
             976.50,1084.25 985.59,1062.10 1009.25,1047.00
             1014.00,1040.00 1084.75,1060.50 1092.25,1071.50
             1095.96,1075.13 1116.77,1124.84 1114.00,1146.67
             1114.00,1146.67 1110.50,1171.50 1108.50,1193.50
             1094.00,1209.50 1080.08,1221.66 1072.00,1234.00
             1076.65,1227.90 1098.97,1224.42 1110.73,1226.18
             1130.06,1190.18 1146.89,1156.01 1159.75,1139.50
             1181.10,1113.52 1191.50,1105.00 1198.75,1104.25
             1216.75,1098.50 1273.00,1138.00 1274.00,1143.00
             1285.00,1148.75 1281.50,1183.00 1282.50,1194.50
             1281.77,1196.44 1279.22,1207.52 1277.25,1211.75
             1271.28,1224.60 1262.62,1236.91 1261.50,1242.75
             1261.50,1242.75 1223.50,1314.00 1223.50,1314.00
             1237.75,1315.75 1285.97,1315.66 1286.75,1325.25
             1286.75,1325.25 1302.00,1289.00 1331.00,1264.00
             1385.50,1262.50 1420.67,1303.67 1431.33,1329.33
             1437.67,1342.67 1426.78,1362.00 1426.78,1362.00
             1426.78,1362.00 1415.97,1387.00 1415.97,1387.00
             1415.97,1387.00 1410.45,1398.00 1410.45,1398.00
             1410.45,1398.00 1403.25,1419.00 1403.25,1419.00
             1403.25,1419.00 1399.17,1430.00 1399.17,1430.00
             1399.17,1430.00 1392.26,1454.00 1392.26,1454.00
             1392.26,1454.00 1384.67,1475.00 1384.67,1475.00
             1384.67,1475.00 1381.53,1486.00 1381.53,1486.00
             1377.78,1495.77 1362.21,1510.29 1359.45,1516.91
             1357.52,1538.67 1345.65,1585.00 1345.65,1585.00
             1345.65,1585.00 1342.60,1601.00 1342.60,1601.00
             1338.79,1620.07 1335.26,1631.25 1327.00,1649.00
             1327.00,1649.00 1326.38,1651.36 1326.00,1652.00
             1326.00,1652.00 1190.67,2076.00 1130.00,2090.67
             1111.33,2125.33 1120.77,2166.11 1114.97,2185.00
             1831.30,2185.00 2861.00,2185.00 2861.00,2185.00
             2861.00,1646.68 2861.00,366.00 2861.00,366.00
             2861.00,366.00 440.00,366.00 440.00,366.00 Z
           M 2393.00,1188.00
           C 2295.00,1275.00 2127.00,1297.00 2075.00,1295.00
             1909.00,1302.00 1752.00,1210.00 1725.00,1185.00
             1725.00,1185.00 1663.22,671.98 1665.85,668.13
             1669.53,662.76 1679.18,662.94 1685.00,663.00
             1697.47,663.15 1714.75,667.56 1727.00,670.63
             1755.04,677.64 1784.15,688.26 1811.00,699.00
             1823.24,703.90 1847.42,712.72 1855.82,722.01
             1868.54,736.10 1883.21,768.84 1890.60,787.00
             1906.99,827.23 1919.81,868.43 1932.28,910.00
             1932.28,910.00 1955.63,997.00 1955.63,997.00
             1955.63,997.00 1961.35,1020.00 1961.35,1020.00
             1962.15,1023.48 1962.38,1027.61 1965.30,1030.03
             1970.69,1034.51 1991.49,1037.97 1999.00,1039.00
             2010.53,1040.58 2022.36,1041.98 2034.00,1042.00
             2034.00,1042.00 2046.00,1042.95 2046.00,1042.95
             2046.00,1042.95 2065.00,1042.95 2065.00,1042.95
             2065.00,1042.95 2075.00,1042.04 2075.00,1042.04
             2075.00,1042.04 2085.00,1042.04 2085.00,1042.04
             2099.08,1041.83 2123.23,1038.33 2137.00,1034.87
             2141.67,1033.70 2152.43,1030.82 2155.69,1027.58
             2158.17,1025.13 2158.54,1021.28 2159.20,1018.00
             2159.20,1018.00 2162.88,1001.00 2162.88,1001.00
             2162.88,1001.00 2181.02,934.00 2181.02,934.00
             2197.43,881.20 2216.79,830.56 2239.14,780.00
             2239.14,780.00 2260.75,734.00 2260.75,734.00
             2260.75,734.00 2271.63,713.00 2271.63,713.00
             2280.41,700.81 2307.56,691.01 2322.00,686.86
             2349.32,679.00 2373.96,673.43 2402.00,668.75
             2418.43,666.01 2438.48,663.00 2455.00,663.00
             2455.00,663.00 2398.00,1188.00 2393.00,1188.00 Z
           M 779.33,1115.33
           C 779.33,1115.33 813.33,1100.00 842.67,1118.67
             842.67,1118.67 874.00,1212.00 874.00,1212.00
             874.00,1212.00 837.33,1196.67 794.67,1217.33
             787.33,1211.33 779.33,1115.33 779.33,1115.33 Z
           M 1005.33,1086.00
           C 1005.33,1086.00 1059.33,1100.67 1059.33,1100.67
             1059.33,1100.67 1047.33,1222.67 1047.33,1222.67
             1047.33,1222.67 1023.33,1179.33 952.67,1188.00
             953.33,1178.00 1005.33,1086.00 1005.33,1086.00 Z
           M 1199.33,1137.00
           C 1199.00,1137.00 1252.00,1162.33 1252.00,1162.33
             1252.00,1162.33 1205.67,1294.67 1205.67,1294.67
             1205.67,1294.67 1191.00,1246.00 1134.00,1236.00
             1135.00,1232.00 1199.67,1137.00 1199.33,1137.00 Z
           M 1308.67,1344.00
           C 1331.33,1308.00 1351.00,1309.67 1358.00,1309.33
             1392.00,1321.00 1388.67,1322.00 1402.00,1339.00
             1409.33,1351.67 1369.00,1493.50 1326.00,1505.50
             1319.33,1499.83 1323.33,1383.67 1308.67,1344.00 Z" />
</svg>
