<?xml version="1.0" encoding="UTF-8" standalone="no"?>
<!DOCTYPE svg PUBLIC "-//W3C//DTD SVG 20010904//EN"
              "http://www.w3.org/TR/2001/REC-SVG-20010904/DTD/svg10.dtd">

<svg xmlns="http://www.w3.org/2000/svg"
     width="11in" height="8.5in"
     viewBox="0 0 3300 2550">
  <path id="7-stabelizer"
        fill="none" stroke="black" stroke-width="1"
        d="M 577.50,1347.00
           C 584.83,1365.67 569.00,1435.00 559.00,1452.00
             546.00,1458.00 511.00,1464.00 503.00,1449.00
             499.00,1420.00 506.50,1364.00 523.50,1347.00
             544.50,1328.00 578.00,1341.00 577.50,1347.00 Z
           M 636.00,1325.50
           C 670.00,1303.50 720.00,1326.50 727.00,1341.00
             734.50,1362.00 722.50,1437.00 703.50,1475.00
             643.50,1487.00 618.00,1459.50 618.00,1459.50
             614.00,1448.50 620.50,1347.00 636.00,1325.50 Z
           M 796.00,1382.00
           C 828.50,1338.50 892.50,1394.00 877.50,1426.50
             877.50,1426.50 849.50,1509.00 826.50,1514.50
             809.00,1518.50 780.00,1508.50 765.00,1492.00
             757.50,1470.50 770.50,1429.00 796.00,1382.00 Z
           M 923.00,1450.00
           C 948.00,1435.33 989.67,1445.00 994.00,1493.00
             994.00,1493.00 964.67,1551.33 941.67,1563.00
             931.33,1571.33 896.33,1581.00 886.33,1536.67
             886.00,1526.33 897.33,1474.00 923.00,1450.00 Z
           M 703.00,1762.00
           C 709.00,1794.00 677.00,1913.00 649.00,1931.00
             583.00,1946.00 565.00,1922.00 561.00,1903.00
             560.00,1831.00 603.00,1745.00 603.00,1745.00
             617.00,1712.03 702.00,1724.00 703.00,1762.00 Z
           M 494.33,1187.33
           C 494.33,1187.33 528.33,1172.00 557.67,1190.67
             557.67,1190.67 589.00,1284.00 589.00,1284.00
             589.00,1284.00 552.33,1268.67 509.67,1289.33
             502.33,1283.33 494.33,1187.33 494.33,1187.33 Z
           M 720.33,1158.00
           C 720.33,1158.00 774.33,1172.67 774.33,1172.67
             774.33,1172.67 762.33,1294.67 762.33,1294.67
             762.33,1294.67 738.33,1251.33 667.67,1260.00
             668.33,1250.00 720.33,1158.00 720.33,1158.00 Z
           M 914.33,1209.00
           C 914.00,1209.00 967.00,1234.33 967.00,1234.33
             967.00,1234.33 920.67,1366.67 920.67,1366.67
             920.67,1366.67 906.00,1318.00 849.00,1308.00
             850.00,1304.00 914.67,1209.00 914.33,1209.00 Z
           M 1023.67,1416.00
           C 1046.33,1380.00 1066.00,1381.67 1073.00,1381.33
             1107.00,1393.00 1103.67,1394.00 1117.00,1411.00
             1124.33,1423.67 1084.00,1565.50 1041.00,1577.50
             1034.33,1571.83 1038.33,1455.67 1023.67,1416.00 Z
           M 991.28,2421.00
           C 715.50,2421.00 461.04,2421.00 276.09,2421.00
             141.00,2350.00 271.00,2290.00 275.93,2257.00
             292.00,2216.50 362.00,1956.50 362.00,1956.50
             362.00,1956.50 362.06,1951.09 362.60,1949.00
             362.60,1949.00 365.59,1930.00 365.59,1930.00
             368.70,1910.63 374.78,1876.40 375.04,1858.00
             375.04,1858.00 375.04,1849.00 375.04,1849.00
             375.04,1849.00 375.96,1838.00 375.96,1838.00
             375.96,1838.00 374.09,1816.00 374.09,1816.00
             374.09,1816.00 372.83,1793.00 372.83,1793.00
             372.83,1793.00 371.00,1768.00 371.00,1768.00
             371.00,1768.00 371.00,1745.00 371.00,1745.00
             371.00,1745.00 370.00,1722.00 370.00,1722.00
             370.00,1722.00 369.04,1707.00 369.04,1707.00
             369.04,1707.00 369.91,1699.00 369.91,1699.00
             369.91,1699.00 371.91,1671.00 371.91,1671.00
             371.91,1671.00 374.46,1639.00 374.46,1639.00
             374.46,1639.00 383.35,1601.00 383.35,1601.00
             383.35,1601.00 399.34,1539.00 399.34,1539.00
             399.34,1539.00 410.67,1503.00 410.67,1503.00
             410.67,1503.00 416.47,1483.00 416.47,1483.00
             429.45,1491.42 478.74,1318.24 480.00,1326.00
             480.00,1326.00 489.84,1306.58 489.84,1306.58
             490.19,1303.93 486.99,1295.33 486.29,1292.00
             486.29,1292.00 480.42,1259.00 480.42,1259.00
             480.42,1259.00 473.58,1220.00 473.58,1220.00
             471.01,1208.30 472.52,1184.28 472.50,1173.00
             472.50,1173.00 473.75,1154.25 479.00,1154.25
             490.75,1150.75 546.33,1150.00 571.00,1162.00
             571.00,1162.00 611.00,1235.00 611.00,1235.00
             612.50,1255.00 614.50,1263.50 615.73,1284.00
             624.09,1275.82 634.66,1267.82 639.50,1269.00
             641.40,1269.46 681.65,1171.34 683.50,1170.75
             691.50,1156.25 700.59,1134.10 724.25,1119.00
             729.00,1112.00 799.75,1132.50 807.25,1143.50
             810.96,1147.13 831.77,1196.84 829.00,1218.67
             829.00,1218.67 825.50,1243.50 823.50,1265.50
             809.00,1281.50 795.08,1293.66 787.00,1306.00
             791.65,1299.90 813.97,1296.42 825.73,1298.18
             845.06,1262.18 861.89,1228.01 874.75,1211.50
             896.10,1185.52 906.50,1177.00 913.75,1176.25
             931.75,1170.50 988.00,1210.00 989.00,1215.00
             1000.00,1220.75 996.50,1255.00 997.50,1266.50
             996.77,1268.44 994.22,1279.52 992.25,1283.75
             986.28,1296.60 977.62,1308.91 976.50,1314.75
             976.50,1314.75 938.50,1386.00 938.50,1386.00
             952.75,1387.75 1000.97,1387.66 1001.75,1397.25
             1001.75,1397.25 1017.00,1361.00 1046.00,1336.00
             1100.50,1334.50 1135.67,1375.67 1146.33,1401.33
             1152.67,1414.67 1141.78,1434.00 1141.78,1434.00
             1141.78,1434.00 1130.97,1459.00 1130.97,1459.00
             1130.97,1459.00 1125.45,1470.00 1125.45,1470.00
             1125.45,1470.00 1118.25,1491.00 1118.25,1491.00
             1118.25,1491.00 1114.17,1502.00 1114.17,1502.00
             1114.17,1502.00 1107.26,1526.00 1107.26,1526.00
             1107.26,1526.00 1099.67,1547.00 1099.67,1547.00
             1099.67,1547.00 1096.53,1558.00 1096.53,1558.00
             1092.78,1567.77 1077.21,1582.29 1074.45,1588.91
             1072.52,1610.67 1060.65,1657.00 1060.65,1657.00
             1060.65,1657.00 1057.60,1673.00 1057.60,1673.00
             1053.79,1692.07 1050.26,1703.25 1042.00,1721.00
             1042.00,1721.00 1041.38,1723.36 1041.00,1724.00
             1041.00,1724.00 905.67,2148.00 845.00,2162.67
             826.33,2197.33 835.77,2238.11 829.97,2257.00
             880.19,2257.00 931.95,2257.00 984.79,2257.00
             984.79,2257.00 991.28,2421.00 991.28,2421.00 Z
           M 1824.00,1146.00" />
</svg>
