<?xml version="1.0" encoding="UTF-8" standalone="no"?>
<!DOCTYPE svg PUBLIC "-//W3C//DTD SVG 20010904//EN"
              "http://www.w3.org/TR/2001/REC-SVG-20010904/DTD/svg10.dtd">

<svg xmlns="http://www.w3.org/2000/svg"
     width="11in" height="8.5in"
     viewBox="0 0 3300 2550">
  <path id="8-red"
        fill="none" stroke="black" stroke-width="1"
        d="M 263.00,201.00
           C 263.00,201.00 3038.00,201.00 3038.00,201.00
             3038.00,201.00 3038.00,2349.00 3038.00,2349.00
             3038.00,2349.00 263.00,2349.00 263.00,2349.00
             263.00,2349.00 263.00,201.00 263.00,201.00 Z
           M 862.50,1275.00
           C 869.83,1293.67 854.00,1363.00 844.00,1380.00
             831.00,1386.00 796.00,1392.00 788.00,1377.00
             784.00,1348.00 791.50,1292.00 808.50,1275.00
             829.50,1256.00 863.00,1269.00 862.50,1275.00 Z
           M 921.00,1253.50
           C 955.00,1231.50 1005.00,1254.50 1012.00,1269.00
             1019.50,1290.00 1007.50,1365.00 988.50,1403.00
             928.50,1415.00 903.00,1387.50 903.00,1387.50
             899.00,1376.50 905.50,1275.00 921.00,1253.50 Z
           M 1081.00,1310.00
           C 1113.50,1266.50 1177.50,1322.00 1162.50,1354.50
             1162.50,1354.50 1134.50,1437.00 1111.50,1442.50
             1094.00,1446.50 1065.00,1436.50 1050.00,1420.00
             1042.50,1398.50 1055.50,1357.00 1081.00,1310.00 Z
           M 1208.00,1378.00
           C 1233.00,1363.33 1274.67,1373.00 1279.00,1421.00
             1279.00,1421.00 1249.67,1479.33 1226.67,1491.00
             1216.33,1499.33 1181.33,1509.00 1171.33,1464.67
             1171.00,1454.33 1182.33,1402.00 1208.00,1378.00 Z
           M 895.00,1496.00
           C 895.00,1496.00 899.18,1483.27 909.09,1477.45
             910.73,1473.45 936.00,1482.00 936.00,1482.00
             936.00,1482.00 949.12,1459.50 980.38,1454.25
             1009.25,1448.38 1011.12,1457.62 1015.00,1461.00
             1015.00,1461.00 1028.75,1485.50 1028.00,1495.00
             1028.00,1495.00 1053.38,1500.38 1057.50,1506.12
             1061.00,1509.75 1061.00,1526.00 1061.00,1526.00
             1061.00,1526.00 1043.00,1565.00 1043.00,1565.00
             1043.00,1565.00 1086.50,1656.50 1084.00,1673.00
             1084.00,1673.00 1006.00,1999.00 1006.00,1999.00
             1006.00,1999.00 1034.00,2043.00 1034.00,2043.00
             1034.00,2043.00 930.00,2114.00 930.00,2114.00
             930.00,2114.00 924.50,2185.00 924.50,2185.00
             924.50,2185.00 776.25,2185.00 776.25,2185.00
             776.25,2185.00 753.33,1853.33 753.33,1853.33
             753.33,1853.33 824.00,1624.00 824.00,1624.00
             824.00,1624.00 888.00,1553.33 888.00,1553.33
             902.00,1520.36 895.00,1496.00 895.00,1496.00 Z
           M 440.00,366.00
           C 440.00,366.00 440.00,1790.65 440.00,2118.35
             440.00,2118.73 440.00,2185.00 440.00,2185.00
             440.00,2185.00 484.30,2185.00 560.93,2185.00
             577.00,2144.50 647.00,1884.50 647.00,1884.50
             647.00,1884.50 647.06,1879.09 647.60,1877.00
             647.60,1877.00 650.59,1858.00 650.59,1858.00
             653.70,1838.63 659.78,1804.40 660.04,1786.00
             660.04,1786.00 660.04,1777.00 660.04,1777.00
             660.04,1777.00 660.96,1766.00 660.96,1766.00
             660.96,1766.00 659.09,1744.00 659.09,1744.00
             659.09,1744.00 657.83,1721.00 657.83,1721.00
             657.83,1721.00 656.00,1696.00 656.00,1696.00
             656.00,1696.00 656.00,1673.00 656.00,1673.00
             656.00,1673.00 655.00,1650.00 655.00,1650.00
             655.00,1650.00 654.04,1635.00 654.04,1635.00
             654.04,1635.00 654.91,1627.00 654.91,1627.00
             654.91,1627.00 681.50,1575.00 699.50,1517.00
             708.67,1511.19 723.15,1490.63 723.50,1489.00
             739.50,1451.00 742.00,1437.50 745.50,1429.00
             753.50,1402.50 753.50,1322.17 770.50,1281.50
             784.50,1258.00 790.83,1247.50 813.50,1237.50
             813.85,1234.86 879.00,1227.00 892.67,1246.00
             901.03,1237.82 912.00,1214.00 943.33,1214.67
             953.92,1213.76 988.99,1221.27 997.27,1223.45
             1000.09,1223.82 1010.45,1229.64 1010.45,1229.64
             1020.64,1234.00 1035.36,1262.36 1056.55,1265.36
             1087.00,1265.00 1087.33,1243.33 1128.00,1253.33
             1176.00,1263.33 1204.00,1342.67 1204.00,1342.67
             1218.25,1344.42 1244.00,1321.33 1273.33,1354.67
             1273.33,1354.67 1295.33,1365.33 1301.33,1430.00
             1299.39,1451.76 1304.67,1549.33 1304.67,1549.33
             1304.67,1549.33 1324.00,1598.00 1324.00,1598.00
             1342.67,1616.67 1335.26,1631.25 1327.00,1649.00
             1327.00,1649.00 1326.38,1651.36 1326.00,1652.00
             1326.00,1652.00 1190.67,2076.00 1130.00,2090.67
             1111.33,2125.33 1120.77,2166.11 1114.97,2185.00
             1831.30,2185.00 2861.00,2185.00 2861.00,2185.00
             2861.00,1646.68 2861.00,366.00 2861.00,366.00
             2861.00,366.00 440.00,366.00 440.00,366.00 Z
           M 1707.00,1593.00" />
</svg>
