<?xml version="1.0" encoding="UTF-8" standalone="no"?>
<!DOCTYPE svg PUBLIC "-//W3C//DTD SVG 20010904//EN"
              "http://www.w3.org/TR/2001/REC-SVG-20010904/DTD/svg10.dtd">

<svg xmlns="http://www.w3.org/2000/svg"
     width="11in" height="8.5in"
     viewBox="0 0 3300 2550">
  <path id="Basepath"
        fill="none" stroke="black" stroke-width="1"
        d="M 440.00,366.00
           C 440.00,366.00 2861.00,366.00 2861.00,366.00
             2861.00,366.00 2861.00,2185.00 2861.00,2185.00
             2861.00,2185.00 440.00,2185.00 440.00,2185.00
             440.00,2185.00 440.00,366.00 440.00,366.00 Z
           M 260.00,189.57
           C 260.00,189.57 286.00,189.00 286.00,189.00
             286.00,189.00 334.00,189.00 334.00,189.00
             334.00,189.00 483.00,189.00 483.00,189.00
             483.00,189.00 949.00,189.00 949.00,189.00
             949.00,189.00 2400.00,189.00 2400.00,189.00
             2400.00,189.00 2899.00,189.00 2899.00,189.00
             2899.00,189.00 3014.00,189.00 3014.00,189.00
             3019.40,189.00 3038.11,188.40 3042.00,189.89
             3045.27,191.15 3047.85,193.73 3049.11,197.00
             3050.13,199.66 3050.00,203.17 3050.00,206.00
             3050.00,206.00 3050.00,1857.00 3050.00,1857.00
             3050.00,1857.00 3050.00,2244.00 3050.00,2244.00
             3050.00,2244.00 3050.00,2332.00 3050.00,2332.00
             3050.00,2341.53 3052.83,2357.04 3041.00,2360.43
             3038.72,2361.09 3035.41,2361.00 3033.00,2361.00
             3033.00,2361.00 2322.00,2361.00 2322.00,2361.00
             2322.00,2361.00 901.00,2361.00 901.00,2361.00
             901.00,2361.00 402.00,2361.00 402.00,2361.00
             402.00,2361.00 287.00,2361.00 287.00,2361.00
             281.60,2361.00 262.89,2361.60 259.00,2360.11
             255.73,2358.85 253.15,2356.27 251.89,2353.00
             250.87,2350.34 251.00,2346.83 251.00,2344.00
             251.00,2344.00 251.00,701.00 251.00,701.00
             251.00,701.00 251.00,312.00 251.00,312.00
             251.00,312.00 251.00,221.00 251.00,221.00
             251.00,221.00 251.00,206.00 251.00,206.00
             251.01,197.81 251.45,192.93 260.00,189.57 Z" />
</svg>
