<?xml version="1.0" encoding="UTF-8" standalone="no"?>
<!DOCTYPE svg PUBLIC "-//W3C//DTD SVG 20010904//EN"
              "http://www.w3.org/TR/2001/REC-SVG-20010904/DTD/svg10.dtd">

<svg xmlns="http://www.w3.org/2000/svg"
     width="8.5in" height="11in"
     viewBox="0 0 2550 3300">
  <path id="1-dark grey"
        fill="none" stroke="black" stroke-width="1"
        d="M 1305.00,702.50
           C 1305.00,702.50 1379.75,703.25 1379.75,703.25
             1379.75,703.25 1388.25,722.00 1388.25,722.00
             1388.25,722.00 1338.00,742.00 1338.00,742.00
             1338.00,742.00 1296.25,725.75 1296.25,725.75
             1296.25,725.75 1305.00,702.50 1305.00,702.50 Z
           M 1443.50,730.75
           C 1443.50,730.75 1474.00,756.75 1474.00,756.75
             1474.00,756.75 1504.50,750.00 1504.50,750.00
             1504.50,750.00 1504.75,726.00 1504.75,726.00
             1504.75,726.00 1466.75,710.25 1466.75,710.25
             1466.75,710.25 1446.25,710.00 1446.25,710.00
             1446.25,710.00 1443.50,730.75 1443.50,730.75 Z
           M 808.00,1547.00
           C 808.00,1547.00 830.33,1580.00 830.33,1580.00
             838.10,1591.65 837.47,1593.20 847.00,1592.99
             847.00,1592.99 859.00,1592.00 859.00,1592.00
             859.00,1592.00 888.00,1590.00 888.00,1590.00
             888.00,1590.00 892.73,1623.00 892.73,1623.00
             892.73,1623.00 904.87,1703.00 904.87,1703.00
             904.87,1703.00 912.25,1752.00 912.25,1752.00
             912.25,1752.00 915.73,1772.96 915.73,1772.96
             915.73,1772.96 924.00,1781.42 924.00,1781.42
             924.00,1781.42 943.00,1796.92 943.00,1796.92
             943.00,1796.92 952.12,1806.09 952.12,1806.09
             952.12,1806.09 951.17,1822.00 951.17,1822.00
             951.17,1822.00 949.17,1848.00 949.17,1848.00
             949.17,1848.00 945.83,1893.00 945.83,1893.00
             945.83,1893.00 943.00,1931.00 943.00,1931.00
             943.00,1931.00 899.00,1940.58 899.00,1940.58
             895.06,1941.45 883.05,1943.47 880.49,1945.72
             878.01,1947.91 873.88,1958.45 872.22,1962.00
             872.22,1962.00 854.69,2001.00 854.69,2001.00
             854.69,2001.00 813.69,2092.00 813.69,2092.00
             813.69,2092.00 789.95,2145.00 789.95,2145.00
             787.58,2152.26 793.97,2174.68 793.16,2182.00
             792.74,2185.80 788.83,2190.76 786.67,2194.00
             786.67,2194.00 771.00,2217.00 771.00,2217.00
             772.18,2208.04 771.99,2204.82 772.00,2196.00
             772.00,2196.00 773.00,2181.00 773.00,2181.00
             773.00,2181.00 773.00,2168.00 773.00,2168.00
             773.00,2168.00 774.00,2153.00 774.00,2153.00
             774.00,2153.00 776.00,2091.00 776.00,2091.00
             776.00,2091.00 777.00,2074.00 777.00,2074.00
             777.00,2074.00 777.00,2050.00 777.00,2050.00
             777.00,2050.00 776.04,2038.00 776.04,2038.00
             776.04,2038.00 776.04,2025.00 776.04,2025.00
             776.04,2025.00 775.00,2012.00 775.00,2012.00
             775.00,2012.00 775.00,2004.00 775.00,2004.00
             774.98,1991.93 769.01,1964.07 766.40,1951.00
             766.40,1951.00 759.90,1919.00 759.90,1919.00
             759.90,1919.00 744.14,1884.00 744.14,1884.00
             742.49,1880.30 738.72,1873.77 738.43,1870.00
             738.15,1866.44 740.59,1862.27 742.00,1859.00
             746.07,1849.57 754.86,1836.92 755.00,1827.00
             755.00,1827.00 755.00,1801.00 755.00,1801.00
             754.96,1797.79 754.39,1790.75 752.98,1788.00
             749.50,1781.21 735.51,1773.40 736.03,1766.00
             736.03,1766.00 738.63,1755.00 738.63,1755.00
             743.67,1734.84 744.40,1733.70 753.75,1715.00
             753.75,1715.00 777.31,1666.00 777.31,1666.00
             777.31,1666.00 785.13,1650.00 785.13,1650.00
             785.13,1650.00 792.88,1617.00 792.88,1617.00
             792.88,1617.00 808.00,1547.00 808.00,1547.00 Z
           M 141.00,221.00
           C 141.00,221.00 2409.00,221.00 2409.00,221.00
             2409.00,221.00 2409.00,3079.00 2409.00,3079.00
             2409.00,3079.00 141.00,3079.00 141.00,3079.00
             141.00,3079.00 141.00,221.00 141.00,221.00 Z
           M 642.00,444.00
           C 644.13,444.00 662.12,453.27 663.83,456.21
             665.44,458.96 667.66,474.77 668.42,479.00
             668.42,479.00 677.59,531.00 677.59,531.00
             677.59,531.00 712.42,730.00 712.42,730.00
             712.42,730.00 722.61,788.00 722.61,788.00
             722.61,788.00 729.00,828.00 729.00,828.00
             729.00,828.00 749.00,823.42 749.00,823.42
             749.00,823.42 774.00,832.24 774.00,832.24
             774.00,832.24 815.00,847.58 815.00,847.58
             815.00,847.58 955.00,901.80 955.00,901.80
             955.00,901.80 1016.00,925.40 1016.00,925.40
             1016.00,925.40 1041.67,935.84 1041.67,935.84
             1041.67,935.84 1053.00,953.00 1053.00,953.00
             1053.00,953.00 1067.50,978.00 1067.50,978.00
             1067.50,978.00 1067.00,999.00 1067.00,999.00
             1067.00,999.00 1102.00,992.00 1102.00,992.00
             1102.00,992.00 1099.20,983.00 1099.20,983.00
             1099.20,983.00 1096.18,977.00 1096.18,977.00
             1094.21,972.67 1091.48,963.70 1090.51,959.00
             1090.51,959.00 1088.00,937.00 1088.00,937.00
             1088.00,937.00 1086.00,902.00 1086.00,902.00
             1086.00,902.00 1088.00,882.00 1088.00,882.00
             1088.00,882.00 1090.85,850.00 1090.85,850.00
             1090.85,850.00 1092.29,836.00 1092.29,836.00
             1092.29,836.00 1094.06,827.00 1094.06,827.00
             1094.06,827.00 1094.06,819.00 1094.06,819.00
             1096.98,800.18 1104.45,776.51 1111.92,759.00
             1111.92,759.00 1120.13,739.00 1120.13,739.00
             1120.13,739.00 1126.62,724.00 1126.62,724.00
             1128.27,719.44 1133.10,706.64 1136.49,703.73
             1138.84,701.73 1146.70,700.66 1150.00,700.00
             1150.00,700.00 1180.00,694.00 1180.00,694.00
             1180.00,672.80 1182.64,673.00 1189.00,657.36
             1192.29,649.27 1198.28,638.17 1203.16,631.58
             1203.16,631.58 1214.00,617.45 1214.00,617.45
             1214.00,617.45 1226.63,601.29 1226.63,601.29
             1237.63,588.55 1251.90,578.82 1267.00,571.64
             1272.79,568.88 1278.62,566.00 1285.00,565.00
             1285.00,565.00 1278.61,554.17 1278.61,554.17
             1278.61,554.17 1266.00,543.80 1266.00,543.80
             1266.00,543.80 1239.00,522.58 1239.00,522.58
             1239.00,522.58 1178.00,474.42 1178.00,474.42
             1178.00,474.42 1140.00,444.00 1140.00,444.00
             1140.00,444.00 642.00,444.00 642.00,444.00 Z
           M 2195.00,444.00
           C 2195.00,444.00 1971.88,444.00 1773.08,444.00
             1773.08,444.00 1598.00,562.33 1598.00,562.33
             1598.00,562.33 1554.00,592.00 1554.00,592.00
             1554.00,592.00 1532.67,607.18 1532.67,607.18
             1532.67,607.18 1530.00,614.00 1530.00,614.00
             1537.35,619.39 1541.35,627.97 1545.25,636.00
             1545.25,636.00 1553.09,653.00 1553.09,653.00
             1555.79,661.32 1561.89,696.18 1562.00,705.00
             1562.08,711.75 1560.57,730.78 1565.51,735.16
             1570.16,739.28 1593.15,743.59 1597.58,748.27
             1599.87,750.69 1603.70,760.44 1605.30,764.00
             1605.30,764.00 1615.22,788.00 1615.22,788.00
             1615.22,788.00 1615.22,808.00 1615.22,808.00
             1615.22,808.00 1614.00,821.00 1614.00,821.00
             1614.00,821.00 1613.00,850.00 1613.00,850.00
             1613.00,850.00 1612.00,867.00 1612.00,867.00
             1612.00,867.00 1611.00,889.00 1611.00,889.00
             1611.00,889.00 1610.00,918.00 1610.00,918.00
             1610.00,918.00 1609.04,928.00 1609.04,928.00
             1609.04,928.00 1609.04,940.00 1609.04,940.00
             1609.04,940.00 1608.00,955.00 1608.00,955.00
             1607.99,959.33 1607.44,975.58 1606.50,979.00
             1605.57,982.43 1598.58,993.41 1596.32,997.00
             1596.32,997.00 1583.39,1017.54 1583.39,1017.54
             1583.39,1017.54 1565.00,1032.00 1565.00,1032.00
             1565.00,1032.00 1591.00,1037.90 1591.00,1037.90
             1591.00,1037.90 1630.00,1032.95 1630.00,1032.95
             1630.00,1032.95 1651.00,1030.10 1651.00,1030.10
             1653.49,1029.78 1657.55,1028.86 1659.79,1030.10
             1662.00,1031.25 1663.76,1034.85 1665.00,1037.00
             1665.00,1037.00 1673.42,1052.00 1673.42,1052.00
             1673.42,1052.00 1705.01,1107.98 1705.01,1107.98
             1706.26,1109.99 1707.26,1111.59 1709.21,1113.01
             1709.21,1113.01 1735.00,1123.23 1735.00,1123.23
             1741.24,1125.90 1762.48,1140.50 1769.00,1145.14
             1771.27,1146.75 1782.76,1154.91 1784.58,1155.32
             1787.90,1156.07 1792.62,1150.38 1795.00,1148.28
             1795.00,1148.28 1810.00,1134.98 1810.00,1134.98
             1813.18,1132.01 1816.35,1128.46 1821.00,1128.30
             1821.00,1128.30 1839.00,1131.39 1839.00,1131.39
             1839.00,1131.39 1877.00,1138.58 1877.00,1138.58
             1877.00,1138.58 2004.00,1162.60 2004.00,1162.60
             2004.00,1162.60 2049.00,1171.20 2049.00,1171.20
             2054.33,1172.22 2063.25,1172.69 2067.27,1176.29
             2067.27,1176.29 2091.87,1205.00 2091.87,1205.00
             2094.71,1208.30 2100.91,1214.89 2101.66,1219.00
             2102.25,1222.21 2099.10,1238.62 2098.42,1243.00
             2098.42,1243.00 2090.13,1296.00 2090.13,1296.00
             2090.13,1296.00 2079.42,1364.00 2079.42,1364.00
             2079.42,1364.00 2068.08,1436.00 2068.08,1436.00
             2068.08,1436.00 2058.78,1493.00 2058.78,1493.00
             2057.54,1496.94 2044.73,1520.14 2042.05,1523.96
             2038.11,1529.56 2027.16,1534.78 2021.00,1538.28
             2021.00,1538.28 1991.00,1555.42 1991.00,1555.42
             1985.83,1558.38 1978.36,1563.31 1973.00,1565.00
             1973.00,1565.00 1982.65,1607.00 1982.65,1607.00
             1982.65,1607.00 2004.65,1703.00 2004.65,1703.00
             2004.65,1703.00 2018.42,1763.00 2018.42,1763.00
             2018.42,1763.00 2024.94,1792.00 2024.94,1792.00
             2024.94,1792.00 2024.94,1801.00 2024.94,1801.00
             2024.94,1801.00 2027.09,1826.00 2027.09,1826.00
             2027.09,1826.00 2031.91,1885.00 2031.91,1885.00
             2031.91,1885.00 2033.83,1910.00 2033.83,1910.00
             2033.83,1910.00 2034.43,1920.00 2034.43,1920.00
             2034.73,1922.01 2035.09,1924.79 2036.59,1926.27
             2039.87,1929.47 2045.43,1927.08 2048.45,1932.14
             2048.45,1932.14 2054.05,1947.00 2054.05,1947.00
             2054.05,1947.00 2062.90,1971.00 2062.90,1971.00
             2065.71,1980.25 2057.57,1982.42 2057.88,1991.00
             2057.88,1991.00 2068.00,2047.00 2068.00,2047.00
             2074.30,2048.14 2080.13,2051.11 2086.00,2053.58
             2089.11,2054.88 2093.20,2056.15 2095.67,2058.42
             2098.17,2060.70 2102.02,2067.76 2104.05,2071.00
             2104.05,2071.00 2119.00,2095.00 2119.00,2095.00
             2119.00,2095.00 2169.32,2176.00 2169.32,2176.00
             2169.32,2176.00 2195.00,2225.84 2195.00,2227.45
             2195.00,2227.45 2195.00,444.00 2195.00,444.00 Z
           M 1189.06,444.00
           C 1189.06,444.00 1185.00,444.00 1185.00,444.00
             1185.00,444.00 1215.73,457.36 1215.73,457.36
             1215.73,457.36 1290.00,491.75 1290.00,491.75
             1292.09,492.80 1296.84,495.46 1299.00,495.44
             1302.92,495.41 1313.52,485.28 1317.00,482.42
             1317.00,482.42 1349.00,456.08 1349.00,456.08
             1357.67,448.87 1360.50,444.02 1372.00,444.00
             1372.00,444.00 1373.28,444.00 1375.55,444.00
             1375.55,444.00 1251.43,444.00 1189.06,444.00 Z
           M 1755.32,444.00
           C 1601.03,444.00 1466.16,444.00 1469.36,444.00
             1469.78,444.00 1470.00,444.00 1470.00,444.00
             1472.77,444.00 1477.29,443.68 1479.40,445.74
             1481.26,447.56 1480.91,450.62 1481.09,453.00
             1481.09,453.00 1482.72,469.00 1482.72,469.00
             1482.72,469.00 1487.17,520.00 1487.17,520.00
             1487.17,520.00 1490.00,553.00 1490.00,553.00
             1490.00,553.00 1519.00,541.42 1519.00,541.42
             1519.00,541.42 1560.00,524.42 1560.00,524.42
             1560.00,524.42 1692.00,469.85 1692.00,469.85
             1692.00,469.85 1743.00,448.80 1743.00,448.80
             1743.00,448.80 1753.00,444.89 1753.00,444.89
             1753.00,444.89 1755.32,444.00 1755.32,444.00 Z
           M 2112.00,2856.00
           C 2112.00,2856.00 2110.16,2838.00 2110.16,2838.00
             2109.81,2834.72 2109.82,2830.15 2108.02,2827.30
             2104.56,2821.85 2095.73,2819.90 2091.70,2810.00
             2091.70,2810.00 2071.05,2755.00 2071.05,2755.00
             2071.05,2755.00 2060.01,2727.00 2060.01,2727.00
             2057.15,2722.42 2038.16,2704.16 2033.00,2699.00
             2033.00,2699.00 2012.42,2678.90 2012.42,2678.90
             2009.61,2677.41 2005.68,2679.89 2003.00,2680.99
             1999.34,2682.50 1981.44,2690.22 1979.00,2690.16
             1976.80,2690.11 1975.65,2689.16 1974.00,2687.85
             1970.45,2685.03 1959.58,2675.29 1957.36,2671.83
             1957.36,2671.83 1939.60,2630.00 1939.60,2630.00
             1939.60,2630.00 1931.28,2610.00 1931.28,2610.00
             1930.22,2607.54 1928.89,2603.50 1926.61,2602.02
             1923.89,2600.26 1913.53,2600.07 1910.00,2599.99
             1910.00,2599.99 1901.00,2599.09 1901.00,2599.09
             1901.00,2599.09 1876.00,2598.00 1876.00,2598.00
             1876.00,2598.00 1878.00,2625.00 1878.00,2625.00
             1878.00,2625.00 1879.00,2648.00 1879.00,2648.00
             1879.00,2648.00 1880.00,2664.00 1880.00,2664.00
             1880.00,2664.00 1882.00,2705.00 1882.00,2705.00
             1882.00,2705.00 1882.96,2715.00 1882.96,2715.00
             1882.96,2715.00 1882.96,2723.00 1882.96,2723.00
             1882.96,2723.00 1884.00,2742.00 1884.00,2742.00
             1884.00,2742.00 1884.96,2752.00 1884.96,2752.00
             1884.96,2752.00 1884.96,2761.00 1884.96,2761.00
             1884.96,2761.00 1886.00,2779.00 1886.00,2779.00
             1886.00,2779.00 1887.00,2796.00 1887.00,2796.00
             1887.00,2796.00 1888.00,2813.00 1888.00,2813.00
             1888.00,2813.00 1889.00,2830.00 1889.00,2830.00
             1889.00,2830.00 1890.00,2856.00 1890.00,2856.00
             1890.00,2856.00 2112.00,2856.00 2112.00,2856.00 Z
           M 1379.00,2856.00
           C 1379.00,2856.00 1369.85,2781.00 1369.85,2781.00
             1369.85,2781.00 1366.00,2747.00 1366.00,2747.00
             1366.00,2747.00 1314.00,2754.28 1314.00,2754.28
             1314.00,2754.28 1246.00,2763.00 1246.00,2763.00
             1246.00,2763.00 1238.00,2789.00 1238.00,2789.00
             1238.00,2789.00 1216.00,2856.00 1216.00,2856.00
             1216.00,2856.00 1379.00,2856.00 1379.00,2856.00 Z
           M 355.00,1910.00
           C 355.01,1907.37 369.36,1884.88 372.59,1881.00
             376.54,1876.26 389.68,1859.52 394.01,1857.31
             396.59,1856.00 401.09,1855.39 404.00,1855.00
             404.00,1855.00 409.13,1818.00 409.13,1818.00
             409.55,1814.98 411.38,1805.77 410.96,1803.42
             410.45,1800.54 405.50,1795.44 401.25,1785.75
             396.25,1776.75 392.94,1763.16 392.50,1759.50
             392.50,1759.50 390.88,1749.62 391.00,1739.00
             391.00,1739.00 394.33,1716.77 394.50,1716.12
             396.29,1709.24 403.82,1690.80 412.75,1681.75
             412.75,1681.75 416.00,1673.25 441.12,1660.12
             441.12,1660.12 442.17,1634.00 442.17,1634.00
             442.17,1634.00 447.67,1573.00 447.67,1573.00
             447.67,1573.00 462.63,1513.00 462.63,1513.00
             462.63,1513.00 491.87,1395.00 491.87,1395.00
             491.87,1395.00 505.00,1342.00 505.00,1342.00
             498.74,1339.57 491.54,1333.27 486.00,1329.13
             486.00,1329.13 454.00,1305.58 454.00,1305.58
             450.33,1302.93 435.89,1292.80 434.17,1289.82
             432.71,1287.26 431.01,1272.00 430.42,1268.00
             430.42,1268.00 422.87,1215.00 422.87,1215.00
             422.87,1215.00 397.87,1041.00 397.87,1041.00
             397.87,1041.00 386.87,964.00 386.87,964.00
             386.87,964.00 384.37,945.00 384.37,945.00
             383.65,941.52 382.67,938.20 384.37,935.00
             386.10,932.56 393.40,925.69 395.91,923.00
             395.91,923.00 424.96,893.00 424.96,893.00
             428.83,888.96 438.58,877.02 443.00,875.11
             446.62,873.55 457.57,876.42 462.00,876.83
             467.25,877.31 475.53,874.63 481.00,873.26
             481.00,873.26 568.00,852.12 568.00,852.12
             568.00,852.12 611.00,842.00 611.00,842.00
             611.00,842.00 596.58,752.00 596.58,752.00
             596.58,752.00 573.73,609.00 573.73,609.00
             573.73,609.00 558.73,515.00 558.73,515.00
             558.73,515.00 553.26,479.00 553.26,479.00
             553.26,479.00 562.00,444.00 562.00,444.00
             562.00,444.00 355.00,444.00 355.00,444.00
             355.00,444.00 355.00,1196.02 355.00,1860.25
             355.00,1860.25 355.00,1910.00 355.00,1910.00 Z
           M 355.00,2856.00
           C 355.00,2856.00 529.49,2856.00 568.38,2856.00
             568.38,2856.00 567.83,2855.62 560.00,2842.00
             560.00,2842.00 535.00,2797.00 535.00,2797.00
             535.00,2797.00 489.00,2802.28 489.00,2802.28
             484.04,2802.88 473.52,2804.90 469.29,2802.93
             461.37,2799.24 453.05,2788.29 448.37,2781.17
             435.68,2761.85 429.31,2751.75 423.66,2729.00
             423.66,2729.00 419.74,2718.00 419.74,2718.00
             419.74,2718.00 416.52,2705.00 416.52,2705.00
             416.52,2705.00 412.33,2692.00 412.33,2692.00
             412.33,2692.00 404.54,2651.00 404.54,2651.00
             404.54,2651.00 402.29,2640.00 402.29,2640.00
             402.29,2640.00 399.84,2619.00 399.84,2619.00
             399.84,2619.00 397.32,2608.00 397.32,2608.00
             397.32,2608.00 396.00,2590.00 396.00,2590.00
             396.00,2590.00 396.00,2559.00 396.00,2559.00
             396.04,2535.70 415.43,2531.23 427.69,2515.00
             430.90,2510.74 430.54,2504.99 432.00,2500.00
             424.42,2497.84 417.01,2492.88 410.00,2489.26
             410.00,2489.26 372.00,2470.25 372.00,2470.25
             368.93,2468.71 355.00,2456.13 355.00,2454.00
             355.00,2454.00 355.00,2856.00 355.00,2856.00 Z" />
</svg>
