<?xml version="1.0" encoding="UTF-8" standalone="no"?>
<!DOCTYPE svg PUBLIC "-//W3C//DTD SVG 20010904//EN"
              "http://www.w3.org/TR/2001/REC-SVG-20010904/DTD/svg10.dtd">

<svg xmlns="http://www.w3.org/2000/svg"
     width="8.5in" height="11in"
     viewBox="0 0 2550 3300">
  <path id="2-red"
        fill="none" stroke="black" stroke-width="1"
        d="M 1651.33,762.50
           C 1651.33,762.50 1678.50,754.00 1678.50,754.00
             1678.50,754.00 1668.33,743.17 1668.33,743.17
             1668.33,743.17 1897.00,677.17 1897.00,677.17
             1897.00,677.17 1902.33,687.83 1902.33,687.83
             1902.33,687.83 1937.54,678.22 1960.33,677.83
             2028.00,681.00 2135.75,688.25 2135.75,688.25
             2135.75,688.25 2144.00,833.00 2144.00,833.00
             2144.00,833.00 2157.50,833.50 2157.50,833.50
             2157.50,833.50 2157.00,925.50 2157.00,925.50
             2157.00,925.50 1948.00,915.00 1948.00,914.50
             1948.00,914.00 1638.50,960.00 1638.50,960.00
             1638.50,960.00 1651.33,762.50 1651.33,762.50 Z
           M 487.50,1122.00
           C 487.50,1122.00 606.50,1154.00 606.50,1154.00
             606.50,1154.00 620.50,1144.25 620.50,1144.25
             620.50,1144.25 620.75,1077.50 620.75,1077.50
             620.75,1077.50 610.25,1072.25 610.25,1072.25
             610.25,1072.25 600.75,947.75 600.75,947.75
             600.75,947.75 593.41,917.41 593.41,917.41
             593.41,917.41 514.95,901.77 514.95,901.77
             514.95,901.77 490.00,1044.50 490.00,1044.50
             490.00,1044.50 487.50,1122.00 487.50,1122.00 Z
           M 819.91,1025.05
           C 819.91,1025.05 828.00,1019.14 828.00,1019.14
             828.00,1019.14 834.27,1021.32 834.27,1021.32
             834.27,1021.32 849.00,994.41 849.00,994.41
             849.00,994.41 871.50,835.50 871.50,835.50
             871.50,835.50 742.00,807.17 742.00,807.17
             742.00,807.17 741.00,1009.25 741.00,1009.25
             741.00,1009.25 819.91,1025.05 819.91,1025.05 Z
           M 482.83,819.50
           C 482.83,819.50 510.00,811.00 510.00,811.00
             510.00,811.00 499.83,800.17 499.83,800.17
             499.83,800.17 728.50,734.17 728.50,734.17
             728.50,734.17 733.83,744.83 733.83,744.83
             733.83,744.83 769.04,735.22 791.83,734.83
             859.50,738.00 967.25,744.25 967.25,744.25
             967.25,744.25 973.17,716.83 973.17,716.83
             988.07,651.49 1017.17,502.17 1017.17,502.17
             1019.17,509.50 811.83,486.83 811.83,486.83
             811.83,486.83 642.00,574.00 418.77,603.32
             420.50,622.83 446.25,786.38 446.25,786.38
             454.24,794.33 482.83,819.50 482.83,819.50 Z
           M 1305.00,702.50
           C 1305.00,702.50 1379.75,703.25 1379.75,703.25
             1379.75,703.25 1388.25,722.00 1388.25,722.00
             1388.25,722.00 1338.00,742.00 1338.00,742.00
             1338.00,742.00 1296.25,725.75 1296.25,725.75
             1296.25,725.75 1305.00,702.50 1305.00,702.50 Z
           M 1443.50,730.75
           C 1443.50,730.75 1474.00,756.75 1474.00,756.75
             1474.00,756.75 1504.50,750.00 1504.50,750.00
             1504.50,750.00 1504.75,726.00 1504.75,726.00
             1504.75,726.00 1466.75,710.25 1466.75,710.25
             1466.75,710.25 1446.25,710.00 1446.25,710.00
             1446.25,710.00 1443.50,730.75 1443.50,730.75 Z
           M 141.00,221.00
           C 141.00,221.00 2409.00,221.00 2409.00,221.00
             2409.00,221.00 2409.00,3079.00 2409.00,3079.00
             2409.00,3079.00 141.00,3079.00 141.00,3079.00
             141.00,3079.00 141.00,221.00 141.00,221.00 Z
           M 1067.00,999.00
           C 1067.00,999.00 1102.00,992.00 1102.00,992.00
             1102.00,992.00 1099.20,983.00 1099.20,983.00
             1099.20,983.00 1096.18,977.00 1096.18,977.00
             1094.21,972.67 1091.48,963.70 1090.51,959.00
             1090.51,959.00 1088.00,937.00 1088.00,937.00
             1088.00,937.00 1086.00,902.00 1086.00,902.00
             1086.00,902.00 1088.00,882.00 1088.00,882.00
             1088.00,882.00 1090.85,850.00 1090.85,850.00
             1090.85,850.00 1092.29,836.00 1092.29,836.00
             1092.29,836.00 1094.06,827.00 1094.06,827.00
             1094.06,827.00 1094.06,819.00 1094.06,819.00
             1096.98,800.18 1104.45,776.51 1111.92,759.00
             1111.92,759.00 1120.13,739.00 1120.13,739.00
             1120.13,739.00 1126.62,724.00 1126.62,724.00
             1128.27,719.44 1133.10,706.64 1136.49,703.73
             1138.84,701.73 1146.70,700.66 1150.00,700.00
             1150.00,700.00 1180.00,694.00 1180.00,694.00
             1180.00,672.80 1182.64,673.00 1189.00,657.36
             1192.29,649.27 1198.28,638.17 1203.16,631.58
             1203.16,631.58 1214.00,617.45 1214.00,617.45
             1214.00,617.45 1226.63,601.29 1226.63,601.29
             1237.63,588.55 1251.90,578.82 1267.00,571.64
             1272.79,568.88 1278.62,566.00 1285.00,565.00
             1285.00,565.00 1278.61,554.17 1278.61,554.17
             1278.61,554.17 1266.00,543.80 1266.00,543.80
             1266.00,543.80 1239.00,522.58 1239.00,522.58
             1239.00,522.58 1178.00,474.42 1178.00,474.42
             1178.00,474.42 1140.00,444.00 1140.00,444.00
             1140.00,444.00 355.00,444.00 355.00,444.00
             355.00,444.00 355.00,2856.00 355.00,2856.00
             355.00,2856.00 669.78,2856.00 708.67,2856.00
             708.67,2856.00 805.00,2459.00 805.00,2459.00
             805.00,2459.00 722.00,2468.00 722.00,2468.00
             722.00,2468.00 709.00,2382.00 709.00,2382.00
             709.00,2382.00 772.18,2208.04 771.00,2217.00
             771.00,2217.00 786.67,2194.00 786.67,2194.00
             788.83,2190.76 792.74,2185.80 793.16,2182.00
             793.97,2174.68 787.58,2152.26 789.95,2145.00
             789.95,2145.00 813.69,2092.00 813.69,2092.00
             813.69,2092.00 854.69,2001.00 854.69,2001.00
             854.69,2001.00 872.22,1962.00 872.22,1962.00
             873.88,1958.45 878.01,1947.91 880.49,1945.72
             883.05,1943.47 895.06,1941.45 899.00,1940.58
             899.00,1940.58 943.00,1931.00 943.00,1931.00
             943.00,1931.00 945.83,1893.00 945.83,1893.00
             945.83,1893.00 949.17,1848.00 949.17,1848.00
             949.17,1848.00 951.17,1822.00 951.17,1822.00
             951.17,1822.00 952.12,1806.09 952.12,1806.09
             952.12,1806.09 943.00,1796.92 943.00,1796.92
             943.00,1796.92 924.00,1781.42 924.00,1781.42
             924.00,1781.42 915.73,1772.96 915.73,1772.96
             915.73,1772.96 912.25,1752.00 912.25,1752.00
             912.25,1752.00 904.87,1703.00 904.87,1703.00
             904.87,1703.00 892.73,1623.00 892.73,1623.00
             892.73,1623.00 888.00,1590.00 888.00,1590.00
             888.00,1590.00 859.00,1592.00 859.00,1592.00
             859.00,1592.00 847.00,1592.99 847.00,1592.99
             837.47,1593.20 838.10,1591.65 830.33,1580.00
             830.33,1580.00 808.00,1547.00 808.00,1547.00
             808.00,1547.00 803.00,1432.00 803.00,1432.00
             803.00,1432.00 844.00,1083.00 844.00,1083.00
             844.00,1083.00 932.00,1043.00 932.00,1042.00
             932.00,1041.00 1067.00,999.00 1067.00,999.00 Z
           M 1189.06,444.00
           C 1189.06,444.00 1185.00,444.00 1185.00,444.00
             1185.00,444.00 1215.73,457.36 1215.73,457.36
             1215.73,457.36 1290.00,491.75 1290.00,491.75
             1292.09,492.80 1296.84,495.46 1299.00,495.44
             1302.92,495.41 1313.52,485.28 1317.00,482.42
             1317.00,482.42 1349.00,456.08 1349.00,456.08
             1357.67,448.87 1360.50,444.02 1372.00,444.00
             1372.00,444.00 1373.28,444.00 1375.55,444.00
             1375.55,444.00 1251.43,444.00 1189.06,444.00 Z
           M 1755.32,444.00
           C 1601.03,444.00 1466.16,444.00 1469.36,444.00
             1469.78,444.00 1470.00,444.00 1470.00,444.00
             1472.77,444.00 1477.29,443.68 1479.40,445.74
             1481.26,447.56 1480.91,450.62 1481.09,453.00
             1481.09,453.00 1482.72,469.00 1482.72,469.00
             1482.72,469.00 1487.17,520.00 1487.17,520.00
             1487.17,520.00 1490.00,553.00 1490.00,553.00
             1490.00,553.00 1519.00,541.42 1519.00,541.42
             1519.00,541.42 1560.00,524.42 1560.00,524.42
             1560.00,524.42 1692.00,469.85 1692.00,469.85
             1692.00,469.85 1743.00,448.80 1743.00,448.80
             1743.00,448.80 1753.00,444.89 1753.00,444.89
             1753.00,444.89 1755.32,444.00 1755.32,444.00 Z
           M 1937.33,1338.67
           C 1937.33,1338.67 1938.00,1368.00 1938.00,1368.00
             1938.00,1368.00 1882.00,1562.00 1882.00,1562.00
             1882.00,1562.00 1830.00,1620.00 1830.00,1620.00
             1830.00,1620.00 1792.00,1639.33 1792.00,1639.33
             1792.00,1639.33 1772.67,1782.00 1772.67,1782.00
             1772.67,1782.00 1758.00,1808.67 1758.00,1808.67
             1758.00,1808.67 1752.00,1806.67 1752.00,1806.67
             1752.00,1806.67 1744.00,1812.67 1744.00,1812.67
             1744.00,1812.67 1751.33,1845.00 1751.33,1845.00
             1751.33,1845.00 1760.00,1968.00 1760.00,1968.00
             1760.00,1968.00 1770.50,1973.00 1770.50,1973.00
             1770.50,1973.00 1770.50,2040.00 1770.50,2040.00
             1770.50,2040.00 1757.00,2049.00 1757.00,2049.00
             1757.00,2049.00 1788.50,2061.50 1788.50,2061.50
             1788.50,2061.50 1806.50,2063.50 1806.50,2063.50
             1806.50,2063.50 1817.00,2056.00 1817.00,2056.00
             1817.00,2056.00 1854.00,2059.00 1854.00,2059.00
             1854.00,2059.00 1898.00,2078.67 1898.00,2078.67
             1898.00,2078.67 1918.67,2118.67 1918.67,2118.67
             1918.67,2118.67 1914.00,2192.00 1914.00,2192.00
             1914.00,2192.00 1933.00,2408.67 1933.00,2408.67
             1933.00,2408.67 1957.33,2461.67 1957.33,2461.67
             1957.33,2461.67 1939.88,2580.62 1939.88,2580.62
             1939.88,2580.62 1921.50,2599.00 1921.50,2599.00
             1921.50,2599.00 1901.00,2599.09 1901.00,2599.09
             1901.00,2599.09 1876.00,2598.00 1876.00,2598.00
             1876.00,2598.00 1878.00,2625.00 1878.00,2625.00
             1878.00,2625.00 1879.00,2648.00 1879.00,2648.00
             1879.00,2648.00 1880.00,2664.00 1880.00,2664.00
             1880.00,2664.00 1882.00,2705.00 1882.00,2705.00
             1882.00,2705.00 1882.96,2715.00 1882.96,2715.00
             1882.96,2715.00 1882.96,2723.00 1882.96,2723.00
             1882.96,2723.00 1884.00,2742.00 1884.00,2742.00
             1884.00,2742.00 1884.96,2752.00 1884.96,2752.00
             1884.96,2752.00 1884.96,2761.00 1884.96,2761.00
             1884.96,2761.00 1886.00,2779.00 1886.00,2779.00
             1886.00,2779.00 1887.00,2796.00 1887.00,2796.00
             1887.00,2796.00 1888.00,2813.00 1888.00,2813.00
             1888.00,2813.00 1889.00,2830.00 1889.00,2830.00
             1889.00,2830.00 1890.00,2856.00 1890.00,2856.00
             1890.00,2856.00 2195.00,2856.00 2195.00,2856.00
             2195.00,2856.00 2195.00,444.00 2195.00,444.00
             2195.00,444.00 1971.88,444.00 1773.08,444.00
             1773.08,444.00 1598.00,562.33 1598.00,562.33
             1598.00,562.33 1554.00,592.00 1554.00,592.00
             1554.00,592.00 1532.67,607.18 1532.67,607.18
             1532.67,607.18 1530.00,614.00 1530.00,614.00
             1537.35,619.39 1541.35,627.97 1545.25,636.00
             1545.25,636.00 1553.09,653.00 1553.09,653.00
             1555.79,661.32 1561.89,696.18 1562.00,705.00
             1562.08,711.75 1560.57,730.78 1565.51,735.16
             1570.16,739.28 1593.15,743.59 1597.58,748.27
             1599.87,750.69 1603.70,760.44 1605.30,764.00
             1605.30,764.00 1615.22,788.00 1615.22,788.00
             1615.22,788.00 1615.22,808.00 1615.22,808.00
             1615.22,808.00 1614.00,821.00 1614.00,821.00
             1614.00,821.00 1613.00,850.00 1613.00,850.00
             1613.00,850.00 1612.00,867.00 1612.00,867.00
             1612.00,867.00 1611.00,889.00 1611.00,889.00
             1611.00,889.00 1610.00,918.00 1610.00,918.00
             1610.00,918.00 1609.04,928.00 1609.04,928.00
             1609.04,928.00 1609.04,940.00 1609.04,940.00
             1609.04,940.00 1608.00,955.00 1608.00,955.00
             1607.99,959.33 1607.44,975.58 1606.50,979.00
             1605.57,982.43 1598.58,993.41 1596.32,997.00
             1596.32,997.00 1583.39,1017.54 1583.39,1017.54
             1583.39,1017.54 1565.00,1032.00 1565.00,1032.00
             1565.00,1032.00 1591.00,1037.90 1591.00,1037.90
             1591.00,1037.90 1630.00,1032.95 1630.00,1032.95
             1630.00,1032.95 1651.00,1030.10 1651.00,1030.10
             1653.49,1029.78 1657.55,1028.86 1659.79,1030.10
             1662.00,1031.25 1663.76,1034.85 1665.00,1037.00
             1665.00,1037.00 1673.42,1052.00 1673.42,1052.00
             1673.42,1052.00 1705.01,1107.98 1705.01,1107.98
             1706.26,1109.99 1707.26,1111.59 1709.21,1113.01
             1709.21,1113.01 1735.00,1123.23 1735.00,1123.23
             1741.24,1125.90 1762.48,1140.50 1769.00,1145.14
             1771.27,1146.75 1782.76,1154.91 1784.58,1155.32
             1787.90,1156.07 1937.33,1338.67 1937.33,1338.67 Z
           M 1379.00,2856.00
           C 1379.00,2856.00 1369.85,2781.00 1369.85,2781.00
             1369.85,2781.00 1366.00,2747.00 1366.00,2747.00
             1366.00,2747.00 1314.00,2754.28 1314.00,2754.28
             1314.00,2754.28 1246.00,2763.00 1246.00,2763.00
             1246.00,2763.00 1238.00,2789.00 1238.00,2789.00
             1238.00,2789.00 1216.00,2856.00 1216.00,2856.00
             1216.00,2856.00 1379.00,2856.00 1379.00,2856.00 Z
           M 1889.67,474.17
           C 1889.67,474.17 1918.33,522.17 1918.33,522.17
             1918.33,522.17 1875.67,553.50 1875.67,553.50
             1875.67,553.50 1823.67,514.83 1823.67,514.83
             1823.67,514.83 1833.00,472.83 1833.00,472.83
             1833.00,472.83 1889.67,474.17 1889.67,474.17 Z
           M 1903.71,578.88
           C 1903.71,578.88 1901.71,646.21 1901.71,646.21
             1901.71,646.21 1953.04,609.54 1953.04,609.54
             1953.04,609.54 1946.50,547.44 1946.50,547.44
             1946.50,547.44 1903.71,578.88 1903.71,578.88 Z
           M 1810.02,542.90
           C 1810.02,542.90 1862.19,581.65 1862.19,581.65
             1862.19,581.65 1860.22,649.04 1860.22,649.04
             1860.22,649.04 1786.19,594.31 1786.19,594.31
             1786.19,594.31 1810.02,542.90 1810.02,542.90 Z
           M 1499.33,948.67
           C 1499.33,948.67 1526.67,1022.67 1526.67,1022.67
             1526.67,1022.67 1317.33,997.67 1317.33,997.67
             1317.33,997.67 1142.67,984.33 1142.67,984.33
             1142.67,984.33 1145.33,963.33 1162.67,954.33
             1162.67,954.33 1187.00,973.00 1187.00,973.00
             1187.00,973.00 1193.83,976.08 1196.50,977.75
             1249.50,947.08 1302.75,923.00 1302.75,923.00
             1302.75,923.00 1305.33,896.00 1305.33,896.00
             1305.33,896.00 1321.00,913.50 1339.33,921.33
             1339.33,921.33 1340.00,936.00 1340.00,936.00
             1340.00,936.00 1375.33,963.33 1375.33,963.33
             1375.33,963.33 1424.25,971.25 1424.25,971.25
             1424.25,971.25 1436.75,962.00 1436.75,962.00
             1436.75,962.00 1438.25,944.25 1438.50,942.25
             1467.00,936.50 1500.75,890.50 1500.75,890.50
             1500.75,890.50 1499.33,948.67 1499.33,948.67 Z
           M 1663.82,2250.18
           C 1663.82,2250.18 1636.00,2230.00 1636.00,2230.00
             1636.00,2230.00 1613.33,2069.67 1613.33,2069.67
             1613.33,2069.67 1718.67,2089.33 1718.67,2089.33
             1718.67,2089.33 1739.33,2257.25 1740.00,2257.25
             1740.18,2257.25 1663.82,2250.18 1663.82,2250.18 Z
           M 1830.55,2326.91
           C 1830.55,2326.91 1740.36,2257.27 1740.36,2257.27
             1740.36,2257.27 1663.82,2250.36 1663.82,2250.36
             1663.82,2250.36 1743.09,2315.09 1743.09,2315.09
             1743.09,2315.09 1830.55,2326.91 1830.55,2326.91 Z" />
</svg>
