<?xml version="1.0" encoding="UTF-8" standalone="no"?>
<!DOCTYPE svg PUBLIC "-//W3C//DTD SVG 20010904//EN"
              "http://www.w3.org/TR/2001/REC-SVG-20010904/DTD/svg10.dtd">

<svg xmlns="http://www.w3.org/2000/svg"
     width="8.5in" height="11in"
     viewBox="0 0 2550 3300">
  <path id="3-grey"
        fill="none" stroke="black" stroke-width="1"
        d="M 141.00,221.00
           C 141.00,221.00 2409.00,221.00 2409.00,221.00
             2409.00,221.00 2409.00,3079.00 2409.00,3079.00
             2409.00,3079.00 141.00,3079.00 141.00,3079.00
             141.00,3079.00 141.00,221.00 141.00,221.00 Z
           M 1189.06,444.00
           C 1189.06,444.00 1185.00,444.00 1185.00,444.00
             1185.00,444.00 1215.73,457.36 1215.73,457.36
             1215.73,457.36 1290.00,491.75 1290.00,491.75
             1292.09,492.80 1296.84,495.46 1299.00,495.44
             1302.92,495.41 1313.52,485.28 1317.00,482.42
             1317.00,482.42 1349.00,456.08 1349.00,456.08
             1357.67,448.87 1360.50,444.02 1372.00,444.00
             1372.00,444.00 1373.28,444.00 1375.55,444.00
             1375.55,444.00 1251.43,444.00 1189.06,444.00 Z
           M 1755.32,444.00
           C 1601.03,444.00 1466.16,444.00 1469.36,444.00
             1469.78,444.00 1470.00,444.00 1470.00,444.00
             1472.77,444.00 1477.29,443.68 1479.40,445.74
             1481.26,447.56 1480.91,450.62 1481.09,453.00
             1481.09,453.00 1482.72,469.00 1482.72,469.00
             1482.72,469.00 1487.17,520.00 1487.17,520.00
             1487.17,520.00 1490.00,553.00 1490.00,553.00
             1490.00,553.00 1519.00,541.42 1519.00,541.42
             1519.00,541.42 1560.00,524.42 1560.00,524.42
             1560.00,524.42 1692.00,469.85 1692.00,469.85
             1692.00,469.85 1743.00,448.80 1743.00,448.80
             1743.00,448.80 1753.00,444.89 1753.00,444.89
             1753.00,444.89 1755.32,444.00 1755.32,444.00 Z
           M 2195.00,2607.67
           C 2195.00,2607.67 2012.42,2678.90 2012.42,2678.90
             2009.61,2677.41 2005.68,2679.89 2003.00,2680.99
             1999.34,2682.50 1981.44,2690.22 1979.00,2690.16
             1976.80,2690.11 1975.65,2689.16 1974.00,2687.85
             1970.45,2685.03 1959.58,2675.29 1957.36,2671.83
             1957.36,2671.83 1939.60,2630.00 1939.60,2630.00
             1939.60,2630.00 1931.28,2610.00 1931.28,2610.00
             1930.22,2607.54 1928.89,2603.50 1926.61,2602.02
             1923.89,2600.26 1913.53,2600.07 1910.00,2599.99
             1910.00,2599.99 1901.00,2599.09 1901.00,2599.09
             1901.00,2599.09 1876.00,2598.00 1876.00,2598.00
             1876.00,2598.00 1878.00,2625.00 1878.00,2625.00
             1878.00,2625.00 1879.00,2648.00 1879.00,2648.00
             1879.00,2648.00 1880.00,2664.00 1880.00,2664.00
             1880.00,2664.00 1882.00,2705.00 1882.00,2705.00
             1882.00,2705.00 1882.96,2715.00 1882.96,2715.00
             1882.96,2715.00 1882.96,2723.00 1882.96,2723.00
             1882.96,2723.00 1884.00,2742.00 1884.00,2742.00
             1884.00,2742.00 1884.96,2752.00 1884.96,2752.00
             1884.96,2752.00 1884.96,2761.00 1884.96,2761.00
             1884.96,2761.00 1886.00,2779.00 1886.00,2779.00
             1886.00,2779.00 1887.00,2796.00 1887.00,2796.00
             1887.00,2796.00 1888.00,2813.00 1888.00,2813.00
             1888.00,2813.00 1889.00,2830.00 1889.00,2830.00
             1889.00,2830.00 1890.00,2856.00 1890.00,2856.00
             1890.00,2856.00 2195.06,2856.02 2195.06,2856.02
             2195.06,2856.02 2195.00,2607.67 2195.00,2607.67 Z
           M 1379.00,2856.00
           C 1379.00,2856.00 1369.85,2781.00 1369.85,2781.00
             1369.85,2781.00 1366.00,2747.00 1366.00,2747.00
             1366.00,2747.00 1314.00,2754.28 1314.00,2754.28
             1314.00,2754.28 1246.00,2763.00 1246.00,2763.00
             1246.00,2763.00 1238.00,2789.00 1238.00,2789.00
             1238.00,2789.00 1216.00,2856.00 1216.00,2856.00
             1216.00,2856.00 1379.00,2856.00 1379.00,2856.00 Z
           M 355.00,1910.00
           C 355.01,1907.37 369.36,1884.88 372.59,1881.00
             376.54,1876.26 389.68,1859.52 394.01,1857.31
             396.59,1856.00 401.09,1855.39 404.00,1855.00
             404.00,1855.00 409.13,1818.00 409.13,1818.00
             409.55,1814.98 411.38,1805.77 410.96,1803.42
             410.45,1800.54 405.50,1795.44 401.25,1785.75
             396.25,1776.75 392.94,1763.16 392.50,1759.50
             392.50,1759.50 391.00,1739.00 391.00,1739.00
             391.00,1739.00 389.75,1708.88 410.38,1684.62
             410.38,1684.62 417.12,1672.38 441.38,1660.00
             441.38,1660.00 442.17,1634.00 442.17,1634.00
             442.17,1634.00 447.67,1573.00 447.67,1573.00
             447.67,1573.00 462.63,1513.00 462.63,1513.00
             462.63,1513.00 491.87,1395.00 491.87,1395.00
             491.87,1395.00 505.00,1342.00 505.00,1342.00
             498.74,1339.57 491.54,1333.27 486.00,1329.13
             486.00,1329.13 454.00,1305.58 454.00,1305.58
             450.33,1302.93 435.89,1292.80 434.17,1289.82
             432.71,1287.26 431.01,1272.00 430.42,1268.00
             430.42,1268.00 422.87,1215.00 422.87,1215.00
             422.87,1215.00 397.87,1041.00 397.87,1041.00
             397.87,1041.00 386.87,964.00 386.87,964.00
             386.87,964.00 384.37,945.00 384.37,945.00
             383.65,941.52 382.67,938.20 384.37,935.00
             386.10,932.56 393.40,925.69 395.91,923.00
             395.91,923.00 424.96,893.00 424.96,893.00
             428.83,888.96 438.58,877.02 443.00,875.11
             446.62,873.55 457.57,876.42 462.00,876.83
             467.25,877.31 475.53,874.63 481.00,873.26
             481.00,873.26 568.00,852.12 568.00,852.12
             568.00,852.12 611.00,842.00 611.00,842.00
             611.00,842.00 596.58,752.00 596.58,752.00
             596.58,752.00 573.73,609.00 573.73,609.00
             573.73,609.00 558.73,515.00 558.73,515.00
             558.73,515.00 553.26,479.00 553.26,479.00
             553.26,479.00 562.00,444.00 562.00,444.00
             562.00,444.00 355.00,444.00 355.00,444.00
             355.00,444.00 355.00,1196.02 355.00,1860.25
             355.00,1860.25 355.00,1910.00 355.00,1910.00 Z
           M 355.00,2856.00
           C 355.00,2856.00 529.49,2856.00 568.38,2856.00
             568.38,2856.00 567.83,2855.62 560.00,2842.00
             560.00,2842.00 535.00,2797.00 535.00,2797.00
             535.00,2797.00 489.00,2802.28 489.00,2802.28
             484.04,2802.88 473.52,2804.90 469.29,2802.93
             461.37,2799.24 453.05,2788.29 448.37,2781.17
             435.68,2761.85 429.31,2751.75 423.66,2729.00
             423.66,2729.00 419.74,2718.00 419.74,2718.00
             419.74,2718.00 416.52,2705.00 416.52,2705.00
             416.52,2705.00 412.33,2692.00 412.33,2692.00
             412.33,2692.00 404.54,2651.00 404.54,2651.00
             404.54,2651.00 402.29,2640.00 402.29,2640.00
             402.29,2640.00 399.84,2619.00 399.84,2619.00
             399.84,2619.00 397.32,2608.00 397.32,2608.00
             397.32,2608.00 396.00,2590.00 396.00,2590.00
             396.00,2590.00 396.00,2559.00 396.00,2559.00
             396.04,2535.70 415.43,2531.23 427.69,2515.00
             430.90,2510.74 430.54,2504.99 432.00,2500.00
             424.42,2497.84 417.01,2492.88 410.00,2489.26
             410.00,2489.26 372.00,2470.25 372.00,2470.25
             368.93,2468.71 355.00,2456.13 355.00,2454.00
             355.00,2454.00 355.00,2856.00 355.00,2856.00 Z
           M 2054.33,1986.67
           C 2054.33,1986.67 2035.00,1991.67 2035.00,1991.67
             2035.00,1991.67 1969.33,2007.67 1969.33,2007.67
             1969.33,2007.67 1935.67,2005.67 1935.67,2005.67
             1935.67,2005.67 1930.00,1972.00 1930.00,1972.00
             1930.00,1972.00 1950.67,1949.00 1950.67,1949.00
             1950.67,1949.00 2016.00,1935.67 2016.00,1935.67
             2016.00,1935.67 2043.33,1930.00 2043.33,1930.00
             2043.33,1930.00 2059.67,1976.67 2059.67,1976.67
             2059.67,1976.67 2054.33,1986.67 2054.33,1986.67 Z
           M 625.50,1539.00
           C 625.50,1539.00 754.50,1590.00 754.50,1590.00
             754.50,1590.00 739.00,1675.00 739.00,1675.00
             739.00,1675.00 741.00,1722.00 741.00,1722.00
             741.00,1722.00 752.00,1712.00 752.00,1712.00
             752.00,1712.00 777.31,1666.00 777.31,1666.00
             777.31,1666.00 785.13,1650.00 785.13,1650.00
             785.13,1650.00 792.88,1617.00 792.88,1617.00
             792.88,1617.00 808.00,1547.00 808.00,1547.00
             808.00,1547.00 850.50,1375.50 850.50,1375.50
             850.50,1375.50 928.50,1429.50 928.50,1429.50
             928.50,1429.50 970.50,1393.50 970.50,1393.50
             970.50,1393.50 1017.00,1360.50 1017.00,1360.50
             1017.00,1360.50 1067.00,999.00 1067.00,999.00
             1067.00,999.00 1067.50,978.00 1067.50,978.00
             1067.50,978.00 1053.00,953.00 1053.00,953.00
             1053.00,953.00 1041.67,935.84 1041.67,935.84
             1041.67,935.84 1016.00,925.40 1016.00,925.40
             1016.00,925.40 955.00,901.80 955.00,901.80
             955.00,901.80 815.00,847.58 815.00,847.58
             815.00,847.58 774.00,832.24 774.00,832.24
             774.00,832.24 749.00,823.42 749.00,823.42
             749.00,823.42 729.00,828.00 729.00,828.00
             729.00,828.00 722.61,788.00 722.61,788.00
             722.61,788.00 712.42,730.00 712.42,730.00
             712.42,730.00 677.59,531.00 677.59,531.00
             677.59,531.00 668.42,479.00 668.42,479.00
             667.66,474.77 665.44,458.96 663.83,456.21
             662.12,453.27 644.13,444.00 642.00,444.00
             642.00,444.00 1140.00,444.00 1140.00,444.00
             1140.00,444.00 1178.00,474.42 1178.00,474.42
             1178.00,474.42 1239.00,522.58 1239.00,522.58
             1239.00,522.58 1266.00,543.80 1266.00,543.80
             1266.00,543.80 1278.61,554.17 1278.61,554.17
             1278.61,554.17 1285.00,565.00 1285.00,565.00
             1278.62,566.00 1272.79,568.88 1267.00,571.64
             1251.90,578.82 1237.63,588.55 1226.63,601.29
             1226.63,601.29 1214.00,617.45 1214.00,617.45
             1214.00,617.45 1203.16,631.58 1203.16,631.58
             1198.28,638.17 1192.29,649.27 1189.00,657.36
             1182.64,673.00 1180.00,672.80 1180.00,694.00
             1180.00,694.00 1150.00,700.00 1150.00,700.00
             1146.70,700.66 1138.84,701.73 1136.49,703.73
             1133.10,706.64 1128.27,719.44 1126.62,724.00
             1126.62,724.00 1120.13,739.00 1120.13,739.00
             1120.13,739.00 1111.92,759.00 1111.92,759.00
             1104.45,776.51 1096.98,800.18 1094.06,819.00
             1094.06,819.00 1094.06,827.00 1094.06,827.00
             1094.06,827.00 1092.29,836.00 1092.29,836.00
             1092.29,836.00 1090.85,850.00 1090.85,850.00
             1090.85,850.00 1088.00,882.00 1088.00,882.00
             1088.00,882.00 1086.00,902.00 1086.00,902.00
             1086.00,902.00 1088.00,937.00 1088.00,937.00
             1088.00,937.00 1090.51,959.00 1090.51,959.00
             1091.48,963.70 1094.21,972.67 1096.18,977.00
             1096.18,977.00 1099.20,983.00 1099.20,983.00
             1099.20,983.00 1102.00,992.00 1102.00,992.00
             1102.00,992.00 1126.55,982.73 1146.55,980.00
             1182.73,976.73 1207.33,984.00 1207.33,984.00
             1207.33,984.00 1302.67,922.67 1302.67,922.67
             1302.67,922.67 1314.67,772.67 1314.67,772.67
             1314.67,772.67 1269.33,746.67 1269.33,746.67
             1269.33,746.67 1273.33,699.33 1273.33,699.33
             1273.33,699.33 1442.67,696.67 1442.67,696.67
             1442.67,696.67 1510.67,721.33 1510.67,721.33
             1510.67,721.33 1526.00,744.00 1526.00,744.00
             1526.00,744.00 1529.33,782.67 1529.33,782.67
             1529.33,782.67 1506.67,802.00 1506.67,802.00
             1506.67,802.00 1502.00,948.00 1502.00,948.00
             1502.00,948.00 1526.00,1022.67 1526.00,1022.67
             1526.00,1022.67 1565.00,1032.00 1565.00,1032.00
             1565.00,1032.00 1583.39,1017.54 1583.39,1017.54
             1583.39,1017.54 1596.32,997.00 1596.32,997.00
             1598.58,993.41 1605.57,982.43 1606.50,979.00
             1607.44,975.58 1607.99,959.33 1608.00,955.00
             1608.00,955.00 1609.04,940.00 1609.04,940.00
             1609.04,940.00 1609.04,928.00 1609.04,928.00
             1609.04,928.00 1610.00,918.00 1610.00,918.00
             1610.00,918.00 1611.00,889.00 1611.00,889.00
             1611.00,889.00 1612.00,867.00 1612.00,867.00
             1612.00,867.00 1613.00,850.00 1613.00,850.00
             1613.00,850.00 1614.00,821.00 1614.00,821.00
             1614.00,821.00 1615.22,808.00 1615.22,808.00
             1615.22,808.00 1615.22,788.00 1615.22,788.00
             1615.22,788.00 1605.30,764.00 1605.30,764.00
             1603.70,760.44 1599.87,750.69 1597.58,748.27
             1593.15,743.59 1570.16,739.28 1565.51,735.16
             1560.57,730.78 1562.08,711.75 1562.00,705.00
             1561.89,696.18 1555.79,661.32 1553.09,653.00
             1553.09,653.00 1545.25,636.00 1545.25,636.00
             1541.35,627.97 1537.35,619.39 1530.00,614.00
             1530.00,614.00 1532.67,607.18 1532.67,607.18
             1532.67,607.18 1554.00,592.00 1554.00,592.00
             1554.00,592.00 1598.00,562.33 1598.00,562.33
             1598.00,562.33 1773.08,444.00 1773.08,444.00
             1971.88,444.00 2195.00,444.00 2195.00,444.00
             2195.00,444.00 2195.00,2227.45 2195.00,2227.45
             2195.00,2225.84 2169.32,2176.00 2169.32,2176.00
             2169.32,2176.00 2119.00,2095.00 2119.00,2095.00
             2119.00,2095.00 2104.05,2071.00 2104.05,2071.00
             2102.02,2067.76 2098.17,2060.70 2095.67,2058.42
             2093.20,2056.15 2089.11,2054.88 2086.00,2053.58
             2080.13,2051.11 2074.30,2048.14 2068.00,2047.00
             2068.00,2047.00 2064.67,2052.67 2064.67,2052.67
             2064.67,2052.67 2101.00,2114.33 2101.00,2114.33
             2101.00,2114.33 2015.00,2133.00 2015.00,2133.00
             2015.00,2133.00 1979.33,2081.33 1979.33,2081.33
             1979.33,2081.33 1905.00,2081.00 1905.00,2081.00
             1905.00,2081.00 1892.00,2069.00 1892.00,2069.00
             1892.00,2069.00 1927.00,2001.00 1881.00,1945.00
             1881.00,1945.00 1915.00,1915.00 1915.00,1915.00
             1928.00,1884.00 1917.00,1796.00 1917.00,1796.00
             1917.00,1796.00 1995.00,1777.00 1995.00,1778.00
             1995.00,1779.00 1998.67,1821.00 1998.67,1821.00
             1998.67,1821.00 2017.33,1860.00 2017.33,1860.00
             2017.33,1860.00 2036.00,1896.00 2026.33,1829.33
             2028.00,1818.00 2024.94,1801.00 2024.94,1801.00
             2024.94,1801.00 2024.94,1792.00 2024.94,1792.00
             2024.94,1792.00 2018.42,1763.00 2018.42,1763.00
             2018.42,1763.00 2004.65,1703.00 2004.65,1703.00
             2004.65,1703.00 1982.65,1607.00 1982.65,1607.00
             1982.65,1607.00 1973.00,1565.00 1973.00,1565.00
             1978.36,1563.31 1985.83,1558.38 1991.00,1555.42
             1991.00,1555.42 2021.00,1538.28 2021.00,1538.28
             2027.16,1534.78 2038.11,1529.56 2042.05,1523.96
             2044.73,1520.14 2057.54,1496.94 2058.78,1493.00
             2058.78,1493.00 2068.08,1436.00 2068.08,1436.00
             2068.08,1436.00 2079.42,1364.00 2079.42,1364.00
             2079.42,1364.00 2090.13,1296.00 2090.13,1296.00
             2090.13,1296.00 2098.42,1243.00 2098.42,1243.00
             2099.10,1238.62 2102.25,1222.21 2101.66,1219.00
             2100.91,1214.89 2094.71,1208.30 2091.87,1205.00
             2091.87,1205.00 2067.27,1176.29 2067.27,1176.29
             2063.25,1172.69 2054.33,1172.22 2049.00,1171.20
             2049.00,1171.20 2004.00,1162.60 2004.00,1162.60
             2004.00,1162.60 1877.00,1138.58 1877.00,1138.58
             1877.00,1138.58 1839.00,1131.39 1839.00,1131.39
             1839.00,1131.39 1821.00,1128.30 1821.00,1128.30
             1816.35,1128.46 1813.18,1132.01 1810.00,1134.98
             1810.00,1134.98 1795.00,1148.28 1795.00,1148.28
             1792.62,1150.38 1784.58,1155.32 1784.58,1155.32
             1782.76,1154.91 1938.00,1338.67 1938.00,1338.67
             1938.00,1338.67 1938.67,1364.00 1938.67,1364.00
             1938.67,1364.00 1876.00,1572.00 1876.00,1572.00
             1876.00,1572.00 1796.00,1649.00 1796.00,1649.00
             1796.00,1649.00 1773.00,1782.00 1772.00,1782.00
             1771.00,1782.00 1749.00,1825.00 1749.00,1825.00
             1749.00,1825.00 1771.50,2039.00 1771.50,2039.00
             1771.50,2039.00 1754.00,2055.00 1754.00,2055.00
             1754.00,2055.00 1732.50,2040.00 1732.50,2040.00
             1732.50,2040.00 1621.50,2016.00 1621.50,2016.00
             1621.50,2016.00 1615.50,1959.00 1615.50,1959.00
             1615.50,1959.00 1465.50,1924.50 1465.50,1924.50
             1465.50,1924.50 1462.00,1980.67 1462.00,1980.67
             1462.00,1980.67 1359.67,1971.33 1359.67,1971.33
             1359.67,1971.33 1327.33,1933.67 1327.33,1933.67
             1327.33,1933.67 1164.00,1925.00 1164.00,1925.00
             1164.00,1925.00 1122.50,1968.50 1122.50,1968.50
             1122.50,1968.50 1104.00,1965.00 1104.00,1965.00
             1104.00,1965.00 1103.50,1945.50 1103.50,1945.50
             1103.50,1945.50 1055.50,1907.50 1055.50,1907.50
             1055.50,1907.50 943.00,1931.00 943.00,1931.00
             943.00,1931.00 899.00,1940.58 899.00,1940.58
             895.06,1941.45 883.05,1943.47 880.49,1945.72
             878.01,1947.91 873.88,1958.45 872.22,1962.00
             872.22,1962.00 854.69,2001.00 854.69,2001.00
             854.69,2001.00 813.69,2092.00 813.69,2092.00
             813.69,2092.00 789.95,2145.00 789.95,2145.00
             787.58,2152.26 793.97,2174.68 793.16,2182.00
             792.74,2185.80 788.83,2190.76 786.67,2194.00
             786.67,2194.00 771.00,2217.00 771.00,2217.00
             772.18,2208.04 771.99,2204.82 772.00,2196.00
             772.00,2196.00 773.00,2181.00 773.00,2181.00
             773.00,2181.00 773.00,2168.00 773.00,2168.00
             773.00,2168.00 774.00,2153.00 774.00,2153.00
             774.00,2153.00 776.00,2091.00 776.00,2091.00
             776.00,2091.00 777.00,2074.00 777.00,2074.00
             777.00,2074.00 777.00,2050.00 777.00,2050.00
             777.00,2050.00 776.04,2038.00 776.04,2038.00
             776.04,2038.00 776.04,2025.00 776.04,2025.00
             776.04,2025.00 775.00,2012.00 775.00,2012.00
             775.00,2012.00 775.00,2004.00 775.00,2004.00
             774.98,1991.93 769.01,1964.07 766.40,1951.00
             766.40,1951.00 759.90,1919.00 759.90,1919.00
             759.90,1919.00 744.14,1884.00 744.14,1884.00
             742.49,1880.30 738.72,1873.77 738.43,1870.00
             738.15,1866.44 740.59,1862.27 742.00,1859.00
             746.07,1849.57 754.86,1836.92 755.00,1827.00
             755.00,1827.00 755.00,1801.00 755.00,1801.00
             754.96,1797.79 754.39,1790.75 752.98,1788.00
             749.50,1781.21 731.48,1774.07 732.00,1766.67
             732.00,1766.67 733.33,1754.67 733.33,1754.67
             733.33,1754.67 594.00,1699.33 594.00,1699.33
             594.00,1699.33 564.67,1723.33 564.67,1723.33
             564.67,1723.33 562.67,1752.67 562.67,1752.67
             562.67,1752.67 572.67,1766.67 572.67,1766.67
             572.67,1766.67 586.00,1764.67 586.00,1764.67
             586.00,1764.67 706.67,1812.67 706.67,1812.67
             706.67,1812.67 701.33,1877.33 701.33,1877.33
             701.33,1877.33 705.33,1930.00 705.33,1930.00
             705.33,1930.00 568.67,1879.33 568.67,1879.33
             568.67,1879.33 561.33,1818.00 561.33,1818.00
             561.33,1818.00 541.33,1810.67 541.33,1810.67
             541.33,1810.67 530.67,1799.33 530.67,1799.33
             530.67,1799.33 499.33,1801.33 499.33,1801.33
             538.00,1776.00 544.00,1730.67 544.00,1730.67
             544.00,1730.67 552.67,1706.00 538.67,1678.00
             574.00,1672.67 597.33,1628.67 597.33,1628.67
             597.33,1628.67 625.50,1539.00 625.50,1539.00 Z" />
</svg>
