<?xml version="1.0" encoding="UTF-8" standalone="no"?>
<!DOCTYPE svg PUBLIC "-//W3C//DTD SVG 20010904//EN"
              "http://www.w3.org/TR/2001/REC-SVG-20010904/DTD/svg10.dtd">

<svg xmlns="http://www.w3.org/2000/svg"
     width="8.5in" height="11in"
     viewBox="0 0 2550 3300">
  <path id="4-white"
        fill="none" stroke="black" stroke-width="1"
        d="M 1877.50,1375.50
           C 1877.50,1375.50 1940.17,1167.50 1940.17,1167.50
             1940.17,1167.50 1939.50,1142.17 1939.50,1142.17
             1939.50,1142.17 1836.68,1016.09 1838.50,1016.50
             1838.50,1016.50 1835.12,976.60 1837.50,974.50
             1837.50,974.50 1866.50,939.50 1866.50,939.50
             1866.50,939.50 2005.50,966.10 2005.50,966.10
             2005.50,966.10 2050.50,974.70 2050.50,974.70
             2055.83,975.72 2064.75,976.19 2068.77,979.79
             2068.77,979.79 2093.37,1008.50 2093.37,1008.50
             2096.21,1011.80 2102.41,1018.39 2103.16,1022.50
             2103.75,1025.71 2100.60,1042.12 2099.92,1046.50
             2099.92,1046.50 2091.63,1099.50 2091.63,1099.50
             2091.63,1099.50 2080.92,1167.50 2080.92,1167.50
             2080.92,1167.50 2069.58,1239.50 2069.58,1239.50
             2069.58,1239.50 2057.50,1289.50 2057.50,1289.50
             2056.26,1293.44 1877.50,1375.50 1877.50,1375.50 Z
           M 1122.50,1968.50
           C 1122.50,1968.50 1164.00,1925.00 1164.00,1925.00
             1164.00,1925.00 1327.33,1933.67 1327.33,1933.67
             1327.33,1933.67 1359.67,1971.33 1359.67,1971.33
             1359.67,1971.33 1462.00,1980.67 1462.00,1980.67
             1462.00,1980.67 1465.50,1924.50 1465.50,1924.50
             1465.50,1924.50 1615.50,1959.00 1615.50,1959.00
             1615.50,1959.00 1621.50,2016.00 1621.50,2016.00
             1621.50,2016.00 1732.50,2040.00 1732.50,2040.00
             1732.50,2040.00 1754.00,2055.00 1754.00,2055.00
             1754.00,2055.00 1829.00,2085.00 1829.00,2085.00
             1829.00,2085.00 1856.00,2065.00 1856.00,2065.00
             1856.00,2065.00 1898.00,2078.00 1898.00,2078.00
             1898.00,2078.00 1914.00,2114.00 1914.00,2114.00
             1914.00,2114.00 1937.00,2467.00 1937.00,2467.00
             1937.00,2467.00 1890.00,2562.00 1890.00,2562.00
             1890.00,2562.00 1811.00,2577.00 1811.00,2577.00
             1811.00,2577.00 1755.00,2704.00 1755.00,2704.00
             1755.00,2704.00 1518.00,2775.00 1518.00,2775.00
             1518.00,2775.00 1402.00,2748.00 1402.00,2748.00
             1402.00,2748.00 1368.00,2672.00 1368.00,2672.00
             1368.00,2672.00 1416.00,2520.00 1416.00,2520.00
             1416.00,2520.00 1109.00,2416.00 1109.00,2416.00
             1109.00,2416.00 1075.00,2353.00 1075.00,2353.00
             1075.00,2353.00 1122.50,1968.50 1122.50,1968.50 Z
           M 565.50,1216.50
           C 565.50,1216.50 517.50,874.50 517.50,874.50
             517.50,874.50 559.67,832.83 559.67,832.83
             559.67,832.83 578.00,824.92 578.00,824.92
             578.00,824.92 603.00,833.74 603.00,833.74
             603.00,833.74 644.00,849.08 644.00,849.08
             644.00,849.08 784.00,903.30 784.00,903.30
             784.00,903.30 845.00,926.90 845.00,926.90
             845.00,926.90 870.67,937.34 870.67,937.34
             870.67,937.34 882.00,954.50 882.00,954.50
             882.00,954.50 896.50,979.50 896.50,979.50
             896.50,979.50 896.00,1000.50 896.00,1000.50
             896.00,1000.50 846.00,1362.00 846.00,1362.00
             846.00,1362.00 802.67,1391.50 802.67,1391.50
             802.67,1391.50 565.50,1216.50 565.50,1216.50 Z
           M 737.68,655.09
           C 737.68,655.09 677.50,672.00 674.05,713.00
             654.05,715.73 629.50,725.00 629.50,725.00
             629.50,725.00 626.70,716.00 626.70,716.00
             626.70,716.00 623.68,710.00 623.68,710.00
             621.71,705.67 618.98,696.70 618.01,692.00
             618.01,692.00 615.50,670.00 615.50,670.00
             615.50,670.00 613.50,635.00 613.50,635.00
             613.50,635.00 615.50,615.00 615.50,615.00
             615.50,615.00 618.35,583.00 618.35,583.00
             618.35,583.00 619.79,569.00 619.79,569.00
             619.79,569.00 621.56,560.00 621.56,560.00
             621.56,560.00 621.56,552.00 621.56,552.00
             624.48,533.18 631.95,509.51 639.42,492.00
             639.42,492.00 647.63,472.00 647.63,472.00
             647.63,472.00 654.12,457.00 654.12,457.00
             655.77,452.44 660.60,439.64 663.99,436.73
             666.34,434.73 674.20,433.66 677.50,433.00
             677.50,433.00 697.17,429.67 697.17,429.67
             697.17,429.67 740.50,430.67 740.50,430.67
             740.50,430.67 730.17,455.67 730.17,455.67
             730.17,455.67 700.17,456.00 700.17,456.00
             700.17,456.00 694.23,471.55 694.23,471.55
             694.23,471.55 731.50,471.33 731.50,471.33
             731.50,471.33 737.17,475.67 737.17,475.67
             737.17,475.67 736.17,486.33 736.17,486.33
             736.17,486.33 727.14,491.91 727.14,491.91
             727.14,491.91 690.17,491.67 690.17,491.67
             690.17,491.67 689.83,506.67 689.83,506.67
             689.83,506.67 726.86,506.55 726.86,506.55
             726.86,506.55 736.59,513.55 736.59,513.55
             736.59,513.55 736.74,526.18 736.41,526.18
             736.08,526.18 733.41,527.82 733.41,527.82
             733.41,527.82 693.17,527.67 693.17,527.67
             693.17,527.67 702.14,541.73 702.14,541.73
             702.14,541.73 737.41,541.73 737.41,541.73
             737.41,541.73 747.50,553.27 747.50,553.27
             747.50,553.27 736.68,564.00 736.68,564.00
             736.68,564.00 699.95,564.09 699.95,564.09
             699.95,564.09 696.14,588.82 696.14,588.82
             696.14,588.82 733.23,588.36 733.23,588.36
             733.23,588.36 742.05,594.64 742.05,594.64
             742.05,594.64 741.41,603.91 741.41,603.91
             741.41,603.91 733.68,609.18 733.68,609.18
             733.68,609.18 696.14,609.00 696.14,609.00
             696.14,609.00 696.14,634.82 696.14,634.82
             696.14,634.82 730.14,635.18 730.14,635.18
             730.14,635.18 737.77,642.91 737.77,642.91
             737.77,642.91 737.68,655.09 737.68,655.09 Z
           M 1381.67,560.00
           C 1381.67,560.00 1315.00,572.67 1249.00,635.00
             1249.00,635.00 1445.67,630.67 1445.67,630.67
             1445.67,630.67 1555.50,668.50 1555.50,668.50
             1561.00,642.00 1493.00,577.00 1493.00,577.00
             1493.00,577.00 1501.50,569.50 1501.50,569.50
             1501.50,569.50 1502.00,560.00 1502.00,560.00
             1502.00,560.00 1791.00,363.00 1791.00,363.00
             1791.00,363.00 1746.00,382.80 1746.00,382.80
             1746.00,382.80 1695.00,403.85 1695.00,403.85
             1695.00,403.85 1563.00,458.42 1563.00,458.42
             1563.00,458.42 1522.00,475.42 1522.00,475.42
             1522.00,475.42 1486.50,490.00 1486.50,490.00
             1486.50,490.00 1464.50,462.50 1464.50,462.50
             1464.50,462.50 1405.50,459.50 1405.50,459.50
             1405.50,459.50 1388.42,481.71 1386.33,480.67
             1386.33,480.67 1218.73,391.36 1218.73,391.36
             1218.73,391.36 1103.00,343.33 1103.00,343.33
             1103.00,343.33 1372.33,544.00 1372.33,544.00
             1372.33,544.00 1381.67,560.00 1381.67,560.00 Z
           M 2022.88,516.88
           C 2031.25,516.62 2055.81,524.56 2060.25,529.25
             2062.54,531.66 2067.20,539.94 2068.80,543.50
             2068.80,543.50 2078.72,567.50 2078.72,567.50
             2078.72,567.50 2078.72,587.50 2078.72,587.50
             2078.72,587.50 2077.50,600.50 2077.50,600.50
             2077.50,600.50 2076.50,629.50 2076.50,629.50
             2076.50,629.50 2075.50,646.50 2075.50,646.50
             2075.50,646.50 2074.50,668.50 2074.50,668.50
             2074.50,668.50 2073.50,697.50 2073.50,697.50
             2073.50,697.50 2072.54,707.50 2072.54,707.50
             2072.54,707.50 2072.54,719.50 2072.54,719.50
             2072.54,719.50 2071.50,734.50 2071.50,734.50
             2071.49,738.83 2070.94,755.08 2070.00,758.50
             2069.07,761.93 2062.08,772.91 2059.82,776.50
             2059.82,776.50 2046.89,797.04 2046.89,797.04
             2046.89,797.04 2028.50,811.50 2028.50,811.50
             2028.50,811.50 2020.75,802.00 2020.75,802.00
             2020.75,802.00 2024.00,750.50 2024.00,750.50
             2024.00,750.50 2023.88,731.38 2023.88,731.38
             2023.88,731.38 2056.00,731.50 2056.00,731.50
             2056.00,731.50 2056.12,702.88 2056.12,702.88
             2056.12,702.88 2025.50,701.88 2025.50,701.88
             2025.50,701.88 2025.62,682.25 2025.62,682.25
             2025.62,682.25 2055.88,682.62 2055.88,682.62
             2055.88,682.62 2055.75,655.75 2055.75,655.75
             2055.75,655.75 2025.75,653.38 2025.75,653.38
             2025.75,653.38 2026.12,632.38 2026.12,632.38
             2026.12,632.38 2058.62,635.62 2058.62,635.62
             2058.62,635.62 2058.62,621.25 2058.62,621.25
             2058.62,621.25 2025.14,618.32 2025.14,618.32
             2025.14,618.32 2025.38,601.12 2025.38,601.12
             2025.38,601.12 2058.62,603.12 2058.62,603.12
             2058.62,603.12 2059.12,585.12 2059.12,585.12
             2059.12,585.12 2026.00,584.12 2026.00,584.12
             2026.00,584.12 2026.12,565.25 2026.12,565.25
             2026.12,565.25 2054.25,566.50 2054.25,566.50
             2054.25,566.50 2041.25,545.50 2041.25,545.50
             2041.25,545.50 2022.88,544.25 2022.88,544.25
             2022.88,544.25 2022.88,516.88 2022.88,516.88 Z
           M 1318.67,776.00
           C 1318.67,776.00 1343.00,773.67 1343.00,773.67
             1343.00,773.67 1429.67,741.67 1429.67,741.67
             1429.67,741.67 1486.67,794.33 1486.67,794.33
             1486.67,794.33 1505.67,793.00 1505.67,793.00
             1505.67,793.00 1526.00,820.00 1526.00,820.00
             1526.00,820.00 1534.67,882.00 1439.33,939.33
             1454.67,829.33 1420.00,838.00 1420.00,838.00
             1420.00,838.00 1386.67,833.33 1359.33,933.33
             1268.00,890.00 1283.33,819.33 1283.33,819.33
             1283.33,819.33 1318.67,776.00 1318.67,776.00 Z
           M 1400.00,804.50
           C 1400.00,804.50 1427.50,795.50 1427.50,795.50
             1427.50,795.50 1446.50,809.50 1446.50,809.50
             1446.50,809.50 1446.09,814.82 1446.09,814.82
             1446.09,814.82 1427.64,802.55 1427.64,802.55
             1427.64,802.55 1399.36,810.27 1399.36,810.27
             1399.36,810.27 1400.00,804.50 1400.00,804.50 Z
           M 1401.64,783.27
           C 1401.64,783.27 1428.55,773.36 1428.55,773.36
             1428.55,773.36 1445.27,788.09 1445.27,788.09
             1445.27,788.09 1445.09,792.27 1445.09,792.27
             1445.09,792.27 1428.09,780.82 1428.00,780.82
             1427.91,780.82 1402.27,787.91 1402.27,787.91
             1402.27,787.91 1401.64,783.27 1401.64,783.27 Z
           M 900.55,1837.91
           C 900.55,1837.91 813.09,1826.09 813.09,1826.09
             813.09,1826.09 706.00,1741.25 706.00,1741.25
             706.00,1741.25 683.33,1580.92 683.33,1580.92
             683.33,1580.92 788.67,1600.58 788.67,1600.58
             788.67,1600.58 816.00,1765.33 816.00,1765.33
             816.00,1765.33 900.55,1837.91 900.55,1837.91 Z
           M 840.00,1766.33
           C 840.00,1766.33 798.67,1555.00 798.67,1555.00
             798.67,1555.00 644.67,1523.67 644.67,1523.67
             644.67,1523.67 591.33,1529.67 591.33,1529.67
             591.33,1529.67 592.00,1547.67 592.00,1547.67
             592.00,1547.67 612.67,1977.67 612.67,1977.67
             612.67,1977.67 555.25,2051.62 555.25,2051.62
             555.25,2051.62 530.75,2051.88 530.75,2051.88
             530.75,2051.88 486.00,2031.00 486.00,2031.00
             486.00,2031.00 437.88,2183.25 437.88,2183.25
             437.88,2183.25 472.12,2259.12 472.12,2259.12
             472.12,2259.12 588.00,2286.33 588.00,2286.33
             588.00,2286.33 826.00,2215.00 826.00,2215.00
             896.67,2067.00 930.00,1843.67 930.00,1843.67
             930.00,1843.67 840.00,1766.33 840.00,1766.33 Z" />
</svg>
