<?xml version="1.0" encoding="UTF-8" standalone="no"?>
<!DOCTYPE svg PUBLIC "-//W3C//DTD SVG 20010904//EN"
              "http://www.w3.org/TR/2001/REC-SVG-20010904/DTD/svg10.dtd">

<svg xmlns="http://www.w3.org/2000/svg"
     width="8.5in" height="11in"
     viewBox="0 0 2550 3300">
  <path id="5-blue"
        fill="none" stroke="black" stroke-width="1"
        d="M 1519.67,1911.17
           C 1519.67,1911.17 1649.67,1935.67 1649.67,1935.67
             1649.67,1935.67 1690.17,1917.17 1690.17,1917.17
             1690.17,1917.17 1869.67,1416.67 1869.67,1416.67
             1869.67,1416.67 1806.67,1272.67 1806.67,1272.67
             1806.67,1272.67 1726.67,1237.50 1726.67,1237.50
             1726.67,1237.50 1728.33,1247.17 1728.33,1247.17
             1728.33,1247.17 1662.67,1230.17 1662.67,1230.17
             1662.67,1230.17 1657.00,1220.50 1657.00,1220.50
             1657.00,1220.50 1581.67,1206.67 1581.67,1206.67
             1581.67,1206.67 1734.00,1354.00 1734.00,1354.00
             1734.00,1354.00 1736.67,1391.33 1736.67,1391.33
             1736.67,1391.33 1558.67,1858.67 1558.67,1858.67
             1558.67,1858.67 1565.33,1874.00 1565.33,1874.00
             1565.33,1874.00 1541.33,1897.33 1541.33,1897.33
             1541.33,1897.33 1510.00,1897.33 1510.00,1897.33
             1510.00,1897.33 1519.67,1911.17 1519.67,1911.17 Z" />
</svg>
