<?xml version="1.0" encoding="UTF-8" standalone="no"?>
<!DOCTYPE svg PUBLIC "-//W3C//DTD SVG 20010904//EN"
              "http://www.w3.org/TR/2001/REC-SVG-20010904/DTD/svg10.dtd">

<svg xmlns="http://www.w3.org/2000/svg"
     width="8.5in" height="11in"
     viewBox="0 0 2550 3300">
  <path id="5-blue"
        fill="none" stroke="black" stroke-width="1"
        d="M 885.00,2287.00
           C 885.00,2287.00 1103.00,2302.00 1103.00,2302.00
             1103.00,2302.00 1060.00,2325.00 1060.00,2325.00
             1060.00,2325.00 1069.00,2503.00 1070.00,2503.00
             1071.00,2503.00 1048.00,2542.00 1048.00,2542.00
             1048.00,2542.00 1061.00,2643.00 1061.00,2643.00
             1061.00,2643.00 1113.00,2727.00 1113.00,2727.00
             1113.00,2727.00 1243.00,2751.50 1243.00,2751.50
             1243.00,2751.50 1283.50,2733.00 1283.50,2733.00
             1283.50,2733.00 1386.00,2454.33 1386.00,2454.33
             1386.00,2454.33 1424.00,2435.00 1424.00,2435.00
             1424.00,2435.00 1476.00,2377.00 1476.00,2377.00
             1476.00,2377.00 1532.00,2183.00 1532.00,2183.00
             1532.00,2183.00 1531.33,2153.67 1531.33,2153.67
             1531.33,2153.67 1381.90,1971.07 1378.58,1970.32
             1376.76,1969.91 1365.27,1961.75 1363.00,1960.14
             1356.48,1955.50 1335.24,1940.90 1329.00,1938.23
             1329.00,1938.23 1303.21,1928.01 1303.21,1928.01
             1301.26,1926.59 1300.26,1924.99 1299.01,1922.98
             1299.01,1922.98 911.33,1812.67 911.33,1812.67
             911.33,1812.67 696.00,1807.00 696.00,1807.00
             696.00,1807.00 661.00,1814.00 661.00,1814.00
             661.00,1814.00 526.00,1856.00 526.00,1857.00
             526.00,1858.00 438.00,1898.00 438.00,1898.00
             438.00,1898.00 397.00,2247.00 397.00,2247.00
             397.00,2247.00 402.00,2362.00 402.00,2362.00
             402.00,2362.00 424.33,2395.00 424.33,2395.00
             432.10,2406.65 431.47,2408.20 441.00,2407.99
             441.00,2407.99 453.00,2407.00 453.00,2407.00
             453.00,2407.00 482.00,2405.00 482.00,2405.00
             482.00,2405.00 612.00,2404.00 885.00,2287.00 Z
           M 610.50,360.00
           C 610.50,360.00 538.50,639.50 538.50,639.50
             538.50,639.50 495.50,662.50 495.50,662.50
             495.50,662.50 504.50,840.50 505.50,840.50
             506.50,840.50 483.50,879.50 483.50,879.50
             483.50,879.50 496.50,980.50 496.50,980.50
             496.50,980.50 548.50,1064.50 548.50,1064.50
             548.50,1064.50 678.50,1089.00 678.50,1089.00
             678.50,1089.00 719.00,1070.50 719.00,1070.50
             719.00,1070.50 898.50,570.00 898.50,570.00
             898.50,570.00 835.50,426.00 835.50,426.00
             835.50,426.00 755.50,390.83 755.50,390.83
             755.50,390.83 757.17,400.50 757.17,400.50
             757.17,400.50 691.50,383.50 691.50,383.50
             691.50,383.50 685.83,373.83 685.83,373.83
             685.83,373.83 610.50,360.00 610.50,360.00 Z
           M 1149.50,993.50
           C 1149.50,993.50 1341.00,1185.00 1341.00,1185.00
             1341.00,1185.00 1270.50,1419.00 1270.50,1419.00
             1270.50,1419.00 1290.00,1473.00 1290.00,1473.00
             1290.00,1473.00 1509.00,1487.00 1509.00,1487.00
             1509.00,1487.00 1466.00,1510.00 1466.00,1510.00
             1466.00,1510.00 1475.00,1688.00 1476.00,1688.00
             1477.00,1688.00 1454.00,1727.00 1454.00,1727.00
             1454.00,1727.00 1467.00,1828.00 1467.00,1828.00
             1467.00,1828.00 1519.00,1912.00 1519.00,1912.00
             1519.00,1912.00 1649.00,1936.50 1649.00,1936.50
             1649.00,1936.50 1689.50,1918.00 1689.50,1918.00
             1689.50,1918.00 1792.00,1639.33 1792.00,1639.33
             1792.00,1639.33 1830.00,1620.00 1830.00,1620.00
             1830.00,1620.00 1882.00,1562.00 1882.00,1562.00
             1882.00,1562.00 1938.00,1368.00 1938.00,1368.00
             1938.00,1368.00 1937.33,1338.67 1937.33,1338.67
             1937.33,1338.67 1787.90,1156.07 1784.58,1155.32
             1782.76,1154.91 1771.27,1146.75 1769.00,1145.14
             1762.48,1140.50 1741.24,1125.90 1735.00,1123.23
             1735.00,1123.23 1709.21,1113.01 1709.21,1113.01
             1707.26,1111.59 1706.26,1109.99 1705.01,1107.98
             1705.01,1107.98 1317.33,997.67 1317.33,997.67
             1317.33,997.67 1149.50,993.50 1149.50,993.50 Z
           M 1357.00,1218.00
           C 1357.00,1218.00 1547.00,1237.00 1547.00,1237.00
             1547.00,1237.00 1498.00,1421.00 1498.00,1421.00
             1498.00,1421.00 1297.00,1412.00 1297.00,1412.00
             1297.00,1412.00 1357.00,1218.00 1357.00,1218.00 Z
           M 1833.00,1324.00
           C 1833.00,1324.00 1915.00,1354.00 1915.00,1354.00
             1915.00,1354.00 1874.00,1541.00 1874.00,1541.00
             1874.00,1541.00 1829.00,1533.00 1829.00,1533.00
             1829.00,1533.00 1868.00,1412.00 1868.00,1412.00
             1868.00,1412.00 1868.00,1390.00 1868.00,1390.00
             1868.00,1390.00 1833.00,1324.00 1833.00,1324.00 Z" />
</svg>
