<?xml version="1.0" encoding="UTF-8" standalone="no"?>
<!DOCTYPE svg PUBLIC "-//W3C//DTD SVG 20010904//EN"
              "http://www.w3.org/TR/2001/REC-SVG-20010904/DTD/svg10.dtd">

<svg xmlns="http://www.w3.org/2000/svg"
     width="8.5in" height="11in"
     viewBox="0 0 2550 3300">
  <path id="6-yellow"
        fill="none" stroke="black" stroke-width="1"
        d="M 619.50,1667.50
           C 619.50,1667.50 808.67,1679.67 808.67,1679.67
             808.67,1679.67 818.67,1701.00 818.67,1701.00
             818.67,1701.00 831.33,1888.33 831.33,1888.33
             831.33,1888.33 804.00,1924.50 804.00,1924.50
             804.00,1924.50 636.00,1914.50 636.00,1914.50
             636.00,1914.50 598.00,1874.00 598.00,1874.00
             598.00,1874.00 590.50,1695.50 590.50,1695.50
             590.50,1695.50 619.50,1667.50 619.50,1667.50 Z
           M 1975.00,1766.33
           C 1975.00,1766.33 2085.67,1799.00 2085.67,1799.00
             2085.67,1799.00 2094.33,1819.67 2095.00,1819.67
             2095.67,1819.67 2091.67,2017.00 2091.67,2017.00
             2091.67,2017.00 2060.50,2049.50 2060.50,2049.50
             2060.50,2049.50 2002.50,2029.50 2002.50,2029.50
             2002.50,2029.50 2010.50,1979.50 2010.50,1979.50
             2010.50,1979.50 1965.00,1935.00 1965.67,1935.00
             1966.33,1935.00 1965.50,1789.50 1965.50,1789.50
             1965.50,1789.50 1975.00,1766.33 1975.00,1766.33 Z
           M 1616.00,540.00
           C 1617.00,540.00 1765.00,520.00 1765.00,520.00
             1765.00,520.00 1849.00,592.00 1849.00,592.00
             1849.00,592.00 2043.00,636.00 2043.00,636.00
             2043.00,636.00 2014.00,610.00 2014.00,610.00
             2014.00,610.00 2071.00,603.00 2071.00,603.00
             2071.00,603.00 2120.00,691.00 2120.00,691.00
             2120.00,691.00 2132.00,752.00 2132.00,752.00
             2132.00,752.00 1927.00,704.00 1927.00,704.00
             1927.00,704.00 1732.00,569.00 1732.00,569.00
             1732.00,569.00 1633.00,564.00 1633.00,564.00
             1633.00,564.00 1615.00,540.00 1616.00,540.00 Z" />
</svg>
