<?xml version="1.0" encoding="UTF-8" standalone="no"?>
<!DOCTYPE svg PUBLIC "-//W3C//DTD SVG 20010904//EN"
              "http://www.w3.org/TR/2001/REC-SVG-20010904/DTD/svg10.dtd">

<svg xmlns="http://www.w3.org/2000/svg"
     width="8.5in" height="11in"
     viewBox="0 0 2550 3300">
  <path id="6-yellow"
        fill="none" stroke="black" stroke-width="1"
        d="M 1247.33,2009.33
           C 1247.33,2009.33 1500.67,2026.67 1500.67,2026.67
             1500.67,2026.67 1510.67,2048.00 1510.67,2048.00
             1510.67,2048.00 1523.33,2235.33 1523.33,2235.33
             1523.33,2235.33 1518.67,2280.00 1518.67,2280.00
             1518.67,2280.00 1479.33,2325.33 1479.33,2325.33
             1479.33,2325.33 1288.67,2309.33 1288.67,2309.33
             1288.67,2309.33 1226.67,2244.00 1226.67,2244.00
             1226.67,2244.00 1218.00,2042.67 1218.00,2042.67
             1218.00,2042.67 1247.33,2009.33 1247.33,2009.33 Z
           M 1767.33,2118.00
           C 1767.33,2118.00 1826.00,2117.33 1826.00,2117.33
             1826.00,2117.33 1936.67,2150.00 1936.67,2150.00
             1936.67,2150.00 1945.33,2170.67 1946.00,2170.67
             1946.67,2170.67 1942.67,2368.00 1942.67,2368.00
             1942.67,2368.00 1908.67,2403.33 1908.67,2403.33
             1908.67,2403.33 1863.33,2436.67 1863.33,2436.67
             1863.33,2436.67 1846.00,2434.67 1846.00,2434.67
             1846.00,2434.67 1860.00,2338.00 1860.00,2338.00
             1860.00,2338.00 1816.00,2286.00 1816.67,2286.00
             1817.33,2286.00 1768.00,2249.33 1768.00,2249.33
             1768.00,2249.33 1751.33,2140.00 1751.33,2140.00
             1751.33,2140.00 1767.33,2118.00 1767.33,2118.00 Z
           M 1357.67,1219.00
           C 1357.67,1219.00 1545.67,1238.00 1545.67,1238.00
             1545.67,1238.00 1496.33,1419.67 1496.33,1419.67
             1496.33,1419.67 1299.00,1411.00 1299.00,1411.00
             1299.00,1411.00 1357.67,1219.00 1357.67,1219.00 Z
           M 1370.00,1247.00
           C 1370.00,1247.00 1522.00,1260.33 1522.00,1260.33
             1522.00,1260.33 1512.67,1290.33 1512.67,1290.33
             1512.67,1290.33 1359.00,1282.33 1359.00,1282.33
             1359.00,1282.33 1370.00,1247.00 1370.00,1247.00 Z
           M 1350.67,1314.33
           C 1350.67,1314.33 1504.67,1321.33 1504.67,1321.33
             1504.67,1321.33 1497.33,1347.33 1497.67,1347.33
             1498.00,1347.33 1341.33,1341.33 1341.33,1341.33
             1341.33,1341.33 1350.67,1314.33 1350.67,1314.33 Z
           M 1332.33,1374.67
           C 1332.33,1374.67 1487.33,1378.33 1487.33,1378.33
             1487.33,1378.33 1480.33,1403.33 1480.33,1403.33
             1480.33,1403.33 1322.33,1399.33 1322.33,1399.33
             1322.33,1399.33 1332.33,1374.67 1332.33,1374.67 Z
           M 1832.62,1323.75
           C 1832.62,1323.75 1915.00,1354.12 1915.00,1354.12
             1915.00,1354.12 1874.00,1540.88 1874.00,1540.88
             1874.00,1540.88 1828.88,1533.00 1828.88,1533.00
             1828.88,1533.00 1868.12,1412.00 1868.12,1412.00
             1868.12,1412.00 1868.12,1390.00 1868.12,1390.00
             1868.12,1390.00 1832.62,1323.75 1832.62,1323.75 Z
           M 1852.00,1347.67
           C 1852.00,1347.67 1880.00,1357.33 1880.00,1357.33
             1880.00,1357.33 1897.33,1384.67 1897.33,1384.67
             1897.33,1384.67 1871.00,1378.33 1871.00,1378.33
             1871.00,1378.33 1852.00,1347.67 1852.00,1347.67 Z
           M 1892.00,1423.33
           C 1892.00,1423.33 1886.33,1442.33 1886.33,1442.33
             1886.33,1442.33 1867.00,1438.33 1867.00,1438.33
             1867.00,1438.33 1873.67,1419.00 1873.67,1419.00
             1873.67,1419.00 1892.00,1423.33 1892.00,1423.33 Z
           M 1855.67,1476.00
           C 1855.67,1476.00 1878.33,1481.67 1878.33,1481.67
             1878.33,1481.67 1872.33,1499.67 1872.33,1499.67
             1872.33,1499.67 1849.33,1495.00 1849.33,1495.00
             1849.33,1495.00 1855.67,1476.00 1855.67,1476.00 Z
           M 1205.00,969.00
           C 1206.00,969.00 1354.00,949.00 1354.00,949.00
             1354.00,949.00 1438.00,1021.00 1438.00,1021.00
             1438.00,1021.00 1632.00,1065.00 1632.00,1065.00
             1632.00,1065.00 1603.00,1039.00 1603.00,1039.00
             1603.00,1039.00 1660.00,1032.00 1660.00,1032.00
             1660.00,1032.00 1709.00,1120.00 1709.00,1120.00
             1709.00,1120.00 1721.00,1181.00 1721.00,1181.00
             1721.00,1181.00 1516.00,1133.00 1516.00,1133.00
             1516.00,1133.00 1321.00,998.00 1321.00,998.00
             1321.00,998.00 1222.00,993.00 1222.00,993.00
             1222.00,993.00 1204.00,969.00 1205.00,969.00 Z
           M 1289.18,608.18
           C 1289.18,608.18 1271.27,608.05 1269.36,625.18
             1269.36,625.18 1268.00,644.50 1288.00,642.00
             1288.00,642.00 1306.27,639.91 1306.27,623.91
             1305.27,606.27 1289.18,608.18 1289.18,608.18 Z
           M 1525.25,632.75
           C 1525.25,632.75 1539.50,634.25 1541.25,653.75
             1541.25,653.75 1542.00,668.69 1530.50,670.19
             1518.00,670.44 1512.25,654.75 1512.00,655.00
             1511.50,652.25 1507.25,631.00 1525.25,632.75 Z" />
</svg>
