<?xml version="1.0" encoding="UTF-8" standalone="no"?>
<!DOCTYPE svg PUBLIC "-//W3C//DTD SVG 20010904//EN"
              "http://www.w3.org/TR/2001/REC-SVG-20010904/DTD/svg10.dtd">

<svg xmlns="http://www.w3.org/2000/svg"
     width="8.5in" height="11in"
     viewBox="0 0 2550 3300">
  <path id="7-dark grey"
        fill="none" stroke="black" stroke-width="1"
        d="M 568.38,2856.00
           C 568.38,2856.00 567.83,2855.62 560.00,2842.00
             560.00,2842.00 535.00,2797.00 535.00,2797.00
             535.00,2797.00 489.00,2802.28 489.00,2802.28
             484.04,2802.88 473.52,2804.90 469.29,2802.93
             461.37,2799.24 453.05,2788.29 448.37,2781.17
             435.68,2761.85 429.31,2751.75 423.66,2729.00
             423.66,2729.00 419.74,2718.00 419.74,2718.00
             419.74,2718.00 416.52,2705.00 416.52,2705.00
             416.52,2705.00 412.33,2692.00 412.33,2692.00
             412.33,2692.00 404.54,2651.00 404.54,2651.00
             404.54,2651.00 402.29,2640.00 402.29,2640.00
             402.29,2640.00 399.84,2619.00 399.84,2619.00
             399.84,2619.00 397.32,2608.00 397.32,2608.00
             397.32,2608.00 396.00,2590.00 396.00,2590.00
             396.00,2590.00 396.00,2559.00 396.00,2559.00
             396.04,2535.70 415.43,2531.23 427.69,2515.00
             430.90,2510.74 552.00,2377.50 552.00,2377.50
             552.00,2377.50 612.00,2391.00 612.00,2391.00
             612.00,2391.00 636.00,2427.00 636.00,2425.50
             636.00,2424.00 673.50,2430.00 673.50,2430.00
             673.50,2430.00 808.50,2413.50 808.50,2413.50
             808.50,2413.50 861.00,2469.00 861.00,2469.00
             861.00,2469.00 862.50,2487.00 862.50,2487.00
             862.50,2487.00 952.50,2605.50 952.50,2605.50
             952.50,2605.50 954.00,2662.50 954.00,2662.50
             954.00,2662.50 933.00,2686.50 933.00,2686.50
             933.00,2686.50 900.00,2737.50 900.00,2737.50
             900.00,2737.50 861.00,2733.00 861.00,2733.00
             861.00,2733.00 846.00,2671.50 846.00,2671.50
             846.00,2671.50 846.00,2722.50 846.00,2722.50
             846.00,2722.50 708.00,2856.00 708.00,2856.00
             708.00,2856.00 529.49,2856.00 568.38,2856.00 Z
           M 972.00,1995.00
           C 972.00,1995.00 1008.00,2016.00 1008.00,2016.00
             1008.00,2016.00 1033.43,2055.08 1023.33,2070.83
             948.67,2140.50 823.00,2252.50 823.00,2252.50
             823.00,2252.50 777.00,2257.78 777.00,2257.78
             772.04,2258.38 761.52,2260.40 757.29,2258.43
             749.37,2254.74 741.05,2243.79 736.37,2236.67
             723.68,2217.35 717.31,2207.25 711.66,2184.50
             711.66,2184.50 707.74,2173.50 707.74,2173.50
             707.74,2173.50 704.52,2160.50 704.52,2160.50
             704.52,2160.50 700.33,2147.50 700.33,2147.50
             700.33,2147.50 692.54,2106.50 692.54,2106.50
             692.54,2106.50 690.29,2095.50 690.29,2095.50
             690.29,2095.50 687.84,2074.50 687.84,2074.50
             687.84,2074.50 685.32,2063.50 685.32,2063.50
             685.32,2063.50 684.00,2045.50 684.00,2045.50
             684.00,2045.50 684.00,2014.50 684.00,2014.50
             684.04,1991.20 703.43,1986.73 715.69,1970.50
             718.90,1966.24 840.00,1833.00 840.00,1833.00
             840.00,1833.00 900.00,1846.50 900.00,1846.50
             900.00,1846.50 924.00,1882.50 924.00,1881.00
             924.00,1880.60 972.00,1995.00 972.00,1995.00 Z" />
</svg>
