<?xml version="1.0" encoding="UTF-8" standalone="no"?>
<!DOCTYPE svg PUBLIC "-//W3C//DTD SVG 20010904//EN"
              "http://www.w3.org/TR/2001/REC-SVG-20010904/DTD/svg10.dtd">

<svg xmlns="http://www.w3.org/2000/svg"
     width="11in" height="8.5in"
     viewBox="0 0 3300 2550">
  <path id="Selection #2|simplified"
        fill="none" stroke="black" stroke-width="1"
        d="M 2178.00,1594.00
           C 2178.40,1578.50 2208.24,1582.62 2209.40,1583.24
             2210.23,1583.68 2234.06,1610.05 2234.90,1611.24
             2238.50,1616.40 2238.03,1623.58 2240.00,1627.00
             2245.04,1618.12 2263.32,1613.29 2265.73,1614.35
             2271.94,1617.07 2288.88,1645.53 2363.78,1686.35
             2381.42,1695.96 2414.44,1703.21 2414.63,1703.30
             2416.39,1704.14 2427.59,1719.35 2454.30,1729.98
             2472.30,1737.15 2489.15,1736.01 2490.13,1736.65
             2495.04,1739.84 2494.71,1746.16 2498.03,1749.06
             2498.54,1749.50 2516.10,1754.73 2530.32,1771.71
             2533.61,1775.63 2567.91,1847.00 2587.68,1853.12
             2638.48,1868.84 2848.86,1786.87 2870.95,1822.25
             2873.50,1826.32 2864.90,1846.56 2862.09,1851.45
             2861.87,1851.84 2735.03,2065.59 2665.03,2192.36
             2662.46,2197.00 2637.01,2223.04 2634.27,2224.79
             2632.21,2226.11 2623.83,2231.47 2615.50,2234.00
             2605.62,2237.00 2590.42,2237.26 2579.00,2235.00
             2565.74,2232.38 2548.54,2228.54 2548.43,2228.51
             2547.23,2228.22 2407.66,2190.73 2372.00,2182.00
             2354.00,2177.00 2339.89,2180.53 2330.61,2179.62
             2309.36,2177.54 2148.04,2191.79 2131.50,2184.50
             2110.76,2175.36 2106.86,2112.36 2111.50,2087.00
             2118.98,2046.18 2175.07,1975.60 2175.00,1975.00
             2173.67,1964.02 2138.56,1979.96 2130.47,1971.03
             2128.47,1968.83 2127.85,1953.76 2121.99,1945.37
             2121.46,1944.62 2109.76,1942.62 2107.45,1938.10
             2103.11,1929.60 2109.11,1910.81 2095.68,1902.86
             2092.86,1901.19 1901.24,1926.48 1900.49,1926.54
             1896.32,1926.85 1855.75,1920.13 1829.79,1922.72
             1819.87,1923.70 1782.23,1938.31 1772.74,1935.03
             1752.06,1927.89 1728.84,1875.15 1728.58,1874.87
             1711.34,1857.01 1662.30,1825.82 1633.07,1790.24
             1628.23,1784.34 1631.36,1779.75 1628.40,1775.33
             1624.80,1769.96 1619.77,1772.49 1615.27,1767.60
             1610.27,1762.17 1610.05,1750.00 1608.51,1747.92
             1603.18,1740.73 1598.24,1744.75 1590.48,1734.13
             1574.46,1712.18 1567.00,1691.21 1563.65,1686.65
             1559.68,1681.24 1543.20,1667.83 1543.18,1667.79
             1539.13,1661.75 1544.18,1656.42 1540.79,1652.60
             1536.45,1647.70 1524.60,1651.69 1520.70,1648.54
             1516.28,1644.95 1487.94,1606.58 1476.18,1600.27
             1476.02,1600.19 1456.75,1593.15 1452.94,1593.43
             1450.62,1593.60 1415.21,1604.79 1414.99,1604.75
             1397.78,1601.97 1393.16,1586.80 1392.92,1586.79
             1386.57,1586.59 1358.93,1598.48 1358.64,1598.53
             1354.72,1599.15 1352.49,1594.95 1348.92,1594.49
             1345.99,1594.12 1342.01,1596.65 1336.62,1595.73
             1335.00,1595.45 1312.18,1587.09 1308.79,1585.48
             1305.23,1583.79 1304.22,1579.90 1301.34,1578.98
             1299.41,1578.37 1293.94,1583.45 1278.90,1577.27
             1271.95,1574.41 1272.19,1568.90 1268.34,1567.64
             1267.63,1567.41 1242.52,1567.29 1233.36,1565.24
             1217.90,1561.78 1220.66,1555.51 1212.32,1555.10
             1207.93,1554.88 1183.59,1566.94 1179.21,1569.61
             1169.92,1575.29 1175.46,1586.40 1163.92,1584.65
             1143.76,1581.59 1137.41,1554.32 1122.24,1548.69
             1104.82,1542.23 1090.40,1544.64 1090.28,1544.62
             1089.74,1544.50 1076.30,1536.95 1062.88,1535.75
             1058.41,1535.34 1054.98,1543.47 1044.78,1541.72
             1028.55,1538.93 1020.69,1531.13 1019.63,1531.08
             1018.50,1531.02 1000.55,1535.37 999.41,1537.75
             999.40,1537.77 990.18,1566.25 990.08,1566.45
             989.87,1566.89 980.63,1574.69 974.83,1589.69
             972.70,1595.21 978.26,1596.60 969.68,1614.60
             964.90,1624.63 960.09,1618.98 956.87,1627.04
             953.74,1634.87 953.65,1648.12 952.51,1651.04
             949.73,1658.21 946.45,1658.63 943.99,1663.17
             928.85,1691.10 938.93,1688.89 936.43,1695.76
             920.22,1740.28 907.32,1752.33 907.00,1753.11
             892.08,1789.80 857.89,1856.36 857.81,1856.53
             857.24,1857.63 815.86,1937.01 801.49,1956.11
             797.98,1960.77 793.41,1971.62 793.35,1971.68
             786.65,1979.00 768.43,1979.62 766.22,1982.78
             765.73,1983.48 767.90,2002.11 761.34,2010.50
             755.05,2012.20 746.25,2011.00 745.00,2021.75
             740.17,2024.52 738.59,2028.34 733.71,2031.55
             721.50,2031.50 715.51,2045.83 714.25,2057.25
             671.91,2096.65 629.73,2132.33 627.33,2133.81
             615.73,2140.98 563.01,2136.29 561.97,2136.12
             540.04,2132.55 527.94,2087.77 528.91,2079.65
             533.00,2045.74 583.11,2015.20 582.00,2010.67
             579.27,1999.51 543.09,2018.99 536.66,2017.69
             529.59,2016.26 526.41,2008.87 529.05,2001.30
             539.72,1970.69 600.62,1967.97 605.27,1964.55
             611.93,1959.64 599.88,1948.61 614.60,1931.84
             617.84,1928.16 637.52,1925.97 641.82,1920.73
             646.68,1914.79 632.37,1906.30 634.96,1901.13
             635.41,1900.22 653.05,1900.00 659.45,1888.91
             661.74,1884.96 658.85,1869.09 661.00,1864.00
             670.41,1841.70 679.90,1836.38 680.73,1834.80
             681.29,1833.73 681.25,1825.49 684.23,1819.91
             687.86,1813.10 691.28,1817.33 695.60,1811.02
             705.93,1795.96 704.62,1785.31 705.86,1782.97
             707.60,1779.68 711.83,1780.77 713.60,1777.08
             715.37,1773.37 744.42,1739.17 745.00,1737.95
             749.09,1729.44 746.89,1713.04 747.25,1711.98
             749.98,1703.88 755.84,1710.62 759.37,1695.38
             766.98,1662.47 761.63,1660.68 762.16,1657.39
             763.21,1650.91 767.11,1653.77 769.48,1632.94
             770.01,1628.28 766.60,1627.57 767.80,1621.35
             772.85,1595.15 780.74,1584.90 781.93,1578.34
             781.94,1578.28 788.45,1498.72 788.77,1497.26
             799.36,1449.04 810.75,1438.77 810.84,1438.24
             811.99,1431.49 797.87,1423.91 799.37,1417.10
             800.33,1412.73 805.53,1413.73 808.91,1410.27
             814.58,1404.47 810.73,1399.24 820.00,1396.00
             818.87,1394.55 798.53,1379.12 796.29,1359.44
             794.89,1347.11 808.86,1338.22 810.92,1318.05
             812.72,1300.46 805.95,1301.36 805.17,1281.44
             804.90,1274.48 813.84,1268.29 812.00,1265.67
             807.97,1259.92 796.92,1273.65 788.72,1269.02
             767.80,1257.21 698.36,1200.86 686.67,1193.33
             660.00,1190.00 616.90,1109.03 615.38,1104.49
             609.08,1085.74 619.79,1033.32 627.34,1014.22
             639.24,984.15 680.94,958.63 684.20,957.36
             686.80,956.34 701.94,944.56 727.81,937.37
             737.37,934.71 743.50,941.95 749.08,941.25
             753.34,940.71 758.16,930.22 767.99,932.34
             837.12,947.24 872.19,997.95 877.19,1000.03
             881.84,1001.97 899.11,988.21 903.25,987.41
             911.38,985.84 924.65,991.30 926.24,991.27
             934.98,991.09 937.98,984.38 947.13,986.55
             947.79,986.71 985.18,1029.72 1001.12,1029.46
             1007.60,1029.36 1006.57,1022.01 1016.01,1015.70
             1021.42,1012.09 1026.53,1013.68 1031.79,1008.97
             1033.57,1007.37 1048.30,985.56 1059.72,976.83
             1062.55,974.67 1065.08,975.40 1067.68,973.47
             1070.78,971.19 1071.05,967.26 1074.87,965.65
             1079.20,963.82 1083.37,967.65 1087.66,965.03
             1092.15,962.29 1091.30,956.98 1093.43,955.19
             1095.37,953.56 1098.50,955.23 1101.12,953.77
             1103.51,952.45 1105.83,948.26 1111.08,945.40
             1115.13,943.20 1182.69,927.75 1189.38,927.03
             1222.91,923.44 1239.87,935.84 1241.11,935.71
             1241.96,935.62 1274.15,913.98 1323.22,912.86
             1323.81,912.85 1332.46,912.57 1334.18,916.71
             1335.59,920.09 1330.96,920.46 1329.00,926.78
             1329.00,926.78 1348.54,925.00 1358.00,923.02
             1361.46,922.30 1363.30,919.09 1367.00,919.11
             1391.74,919.25 1390.28,922.84 1395.30,922.36
             1406.83,921.27 1408.03,911.19 1420.72,907.45
             1433.38,903.72 1448.92,909.92 1449.41,909.85
             1453.18,909.31 1462.04,900.27 1469.74,900.42
             1472.98,900.48 1478.77,907.60 1493.01,908.84
             1496.85,909.17 1499.19,905.36 1504.99,905.30
             1510.00,905.25 1542.33,907.04 1561.00,908.00
             1563.73,908.14 1566.23,907.86 1569.19,908.00
             1581.81,908.59 1578.62,916.10 1586.07,916.85
             1589.08,917.15 1611.04,910.62 1650.82,916.22
             1650.93,916.23 1700.66,932.98 1702.89,933.22
             1718.92,934.95 1722.19,927.26 1728.19,928.27
             1738.08,929.94 1760.02,943.67 1760.63,943.85
             1763.67,944.71 1796.31,952.87 1796.67,953.00
             1803.00,960.33 1812.33,961.00 1812.33,961.00
             1827.22,954.30 1821.35,932.43 1838.67,939.74
             1843.03,941.58 1872.93,959.89 1875.06,962.19
             1876.57,963.83 1871.86,971.70 1870.36,977.45
             1875.11,982.20 1878.01,984.91 1881.00,988.00
             1880.96,992.67 1876.57,994.77 1877.75,996.50
             1877.75,996.50 1894.63,1006.32 1895.25,1007.00
             1899.88,1012.09 1902.77,1016.21 1905.00,1019.50
             1906.97,1022.41 1912.31,1029.03 1914.50,1032.50
             1966.36,1114.67 1954.60,1112.43 1948.75,1114.38
             1944.74,1115.71 1915.50,1093.88 1910.38,1090.50
             1895.12,1080.25 1900.75,1083.50 1883.25,1078.00
             1879.01,1076.38 1861.83,1073.98 1857.39,1073.90
             1852.23,1073.80 1831.88,1089.38 1830.25,1108.62
             1830.13,1112.54 1839.40,1116.96 1841.12,1119.25
             1848.46,1128.98 1857.22,1136.91 1855.46,1139.58
             1849.16,1149.12 1830.88,1141.25 1821.38,1132.62
             1819.94,1133.04 1812.60,1153.74 1804.34,1154.24
             1803.00,1154.33 1732.65,1115.27 1731.25,1114.25
             1726.23,1110.60 1722.53,1107.16 1720.45,1103.66
             1721.50,1099.00 1723.75,1089.75 1723.75,1089.75
             1722.18,1085.88 1712.81,1086.73 1707.99,1084.27
             1700.94,1080.67 1691.85,1079.78 1649.71,1075.38
             1608.15,1071.04 1436.56,1083.08 1430.92,1083.20
             1424.99,1083.32 1405.60,1094.53 1397.68,1095.64
             1383.16,1097.68 1361.92,1092.86 1361.80,1092.89
             1353.11,1095.02 1337.84,1103.04 1339.22,1105.69
             1342.28,1111.60 1354.05,1114.69 1361.41,1121.25
             1373.29,1131.85 1385.04,1151.78 1393.41,1153.93
             1394.57,1154.23 1428.22,1150.64 1435.93,1151.14
             1448.83,1151.98 1445.38,1157.84 1452.44,1157.76
             1457.32,1157.70 1463.21,1152.27 1470.89,1153.01
             1472.22,1153.14 1477.01,1165.49 1528.80,1166.99
             1539.02,1167.29 1554.89,1153.58 1557.48,1153.46
             1563.45,1153.19 1565.63,1160.66 1569.92,1160.84
             1572.82,1160.96 1580.76,1156.60 1584.38,1156.06
             1622.71,1150.33 1618.77,1168.47 1632.65,1169.65
             1635.21,1169.87 1638.51,1159.25 1651.27,1161.43
             1657.77,1162.54 1656.67,1170.99 1661.51,1173.06
             1662.56,1173.51 1681.55,1172.63 1685.72,1174.19
             1710.80,1183.56 1707.76,1188.35 1711.43,1189.99
             1712.13,1190.31 1780.13,1214.69 1793.00,1222.18
             1797.30,1224.69 1803.88,1239.16 1804.81,1241.79
             1807.10,1248.25 1803.11,1253.30 1804.82,1255.65
             1809.48,1262.03 1838.75,1283.88 1839.20,1284.40
             1849.69,1296.73 1867.03,1333.88 1867.31,1334.30
             1869.62,1337.82 1874.13,1337.26 1875.95,1340.32
             1877.44,1342.81 1875.80,1346.62 1878.27,1350.07
             1882.07,1355.35 1889.27,1352.12 1892.48,1358.61
             1898.04,1369.85 1894.76,1430.61 1899.74,1437.66
             1914.05,1457.91 1934.53,1456.09 1945.79,1464.75
             1946.42,1465.23 1950.39,1476.86 1962.54,1486.57
             1968.07,1490.99 1978.09,1487.62 1992.97,1502.46
             1997.14,1506.63 1994.95,1510.89 1999.43,1515.91
             2003.77,1520.77 2008.78,1519.16 2012.11,1523.91
             2015.10,1528.16 2012.14,1531.35 2014.89,1533.68
             2029.68,1546.23 2050.93,1553.87 2051.32,1554.26
             2051.64,1554.60 2069.20,1613.35 2069.90,1614.02
             2070.15,1614.26 2134.15,1588.40 2178.00,1594.00 Z
           M 1615.00,539.00
           C 1615.00,539.00 1992.00,316.00 1992.00,316.00
             1992.00,316.00 1992.00,764.00 1992.00,764.00
             1992.00,764.00 1615.00,539.00 1615.00,539.00 Z
           M 1193.00,409.00
           C 1193.00,409.00 1265.00,453.00 1265.00,453.00
             1260.55,458.24 1193.00,499.00 1193.00,499.00
             1193.00,499.00 1193.00,409.00 1193.00,409.00 Z
           M 1390.00,433.00
           C 1390.00,433.00 1561.00,540.00 1561.00,540.00
             1561.00,540.00 1390.00,645.00 1390.00,645.00
             1390.00,645.00 1390.00,433.00 1390.00,433.00 Z
           M 1079.00,468.00
           C 1079.00,468.00 1250.00,573.00 1250.00,573.00
             1250.00,573.00 1079.00,680.00 1079.00,680.00
             1079.00,680.00 1079.00,468.00 1079.00,468.00 Z
           M 984.00,515.00
           C 984.00,515.00 1057.00,472.00 1057.00,472.00
             1057.00,472.00 1056.00,561.00 1056.00,561.00
             1056.00,561.00 984.00,515.00 984.00,515.00 Z
           M 1192.00,518.00
           C 1192.00,518.00 1265.00,473.00 1265.00,473.00
             1265.00,473.00 1265.00,562.00 1265.00,562.00
             1265.00,562.00 1192.00,518.00 1192.00,518.00 Z
           M 2520.00,491.00
           C 2520.00,491.00 2592.00,534.00 2592.00,534.00
             2592.00,534.00 2520.00,580.00 2520.00,580.00
             2520.00,580.00 2520.00,491.00 2520.00,491.00 Z
           M 1296.00,492.00
           C 1296.00,492.00 1368.00,536.00 1368.00,536.00
             1368.00,536.00 1296.00,582.00 1296.00,582.00
             1296.00,582.00 1296.00,492.00 1296.00,492.00 Z
           M 979.00,529.00
           C 979.00,529.00 1052.00,575.00 1052.00,575.00
             1052.00,575.00 980.00,619.00 980.00,619.00
             980.00,619.00 979.00,529.00 979.00,529.00 Z
           M 960.25,530.00
           C 960.25,530.00 961.50,619.12 961.50,619.12
             961.50,619.12 887.00,576.00 887.00,576.00
             887.00,576.00 960.25,530.00 960.25,530.00 Z
           M 2602.00,549.00
           C 2602.00,549.00 2603.00,638.00 2603.00,638.00
             2603.00,638.00 2531.00,593.00 2531.00,593.00
             2531.00,593.00 2602.00,549.00 2602.00,549.00 Z
           M 1409.00,658.00
           C 1409.00,658.00 1579.00,554.00 1579.00,554.00
             1579.00,554.00 1579.00,765.00 1579.00,765.00
             1579.00,765.00 1409.00,658.00 1409.00,658.00 Z
           M 1298.00,600.00
           C 1298.00,600.00 1364.28,556.64 1371.00,555.00
             1371.00,555.00 1371.00,644.00 1371.00,644.00
             1363.80,642.28 1298.00,600.00 1298.00,600.00 Z
           M 1600.00,555.00
           C 1600.00,555.00 1673.00,599.00 1673.00,599.00
             1673.00,599.00 1673.00,601.00 1673.00,601.00
             1673.00,601.00 1601.00,644.00 1601.00,644.00
             1601.00,644.00 1600.00,555.00 1600.00,555.00 Z
           M 1613.00,658.00
           C 1613.00,658.00 1686.00,614.00 1686.00,614.00
             1686.00,614.00 1686.33,704.67 1686.33,704.67
             1686.33,704.67 1613.00,658.00 1613.00,658.00 Z
           M 1705.00,617.00
           C 1705.00,617.00 1777.00,662.00 1777.00,662.00
             1777.00,662.00 1706.67,701.67 1706.67,701.67
             1706.67,701.67 1705.00,617.00 1705.00,617.00 Z
           M 2394.00,666.00
           C 2394.00,666.00 2395.00,756.00 2395.00,756.00
             2395.00,756.00 2323.00,710.00 2323.00,710.00
             2323.00,710.00 2394.00,666.00 2394.00,666.00 Z
           M 1812.00,668.00
           C 1812.00,668.00 1983.00,774.00 1983.00,774.00
             1983.00,774.00 1812.00,880.00 1812.00,880.00
             1812.00,880.00 1812.00,668.00 1812.00,668.00 Z
           M 1621.00,774.00
           C 1621.00,774.00 1792.00,669.00 1792.00,669.00
             1792.00,669.00 1792.00,881.00 1792.00,881.00
             1792.00,881.00 1621.00,776.00 1621.00,776.00
             1621.00,776.00 1621.00,774.00 1621.00,774.00 Z
           M 1373.00,671.00
           C 1373.00,671.00 1373.25,884.00 1373.25,884.00
             1373.25,884.00 1203.00,776.00 1203.00,776.00
             1203.00,776.00 1373.00,671.00 1373.00,671.00 Z
           M 2230.00,894.00
           C 2230.00,894.00 2607.00,671.00 2607.00,671.00
             2607.00,671.00 2603.50,1111.50 2603.50,1111.50
             2603.50,1111.50 2230.00,894.00 2230.00,894.00 Z
           M 1396.00,673.00
           C 1396.00,673.00 1463.23,713.36 1468.00,719.00
             1468.00,719.00 1396.00,763.00 1396.00,763.00
             1396.00,763.00 1396.00,673.00 1396.00,673.00 Z
           M 1601.00,673.00
           C 1601.00,673.00 1668.43,712.77 1673.00,718.00
             1673.00,718.00 1601.00,762.00 1601.00,762.00
             1601.00,762.00 1601.00,673.00 1601.00,673.00 Z
           M 2628.00,673.00
           C 2628.00,673.00 2799.00,780.00 2799.00,780.00
             2799.00,780.00 2626.62,883.50 2626.62,883.50
             2626.62,883.50 2628.00,673.00 2628.00,673.00 Z
           M 1082.00,707.00
           C 1082.00,707.00 1154.00,751.00 1154.00,751.00
             1154.00,751.00 1082.00,797.00 1082.00,797.00
             1082.00,797.00 1082.00,707.00 1082.00,707.00 Z
           M 1494.00,730.00
           C 1494.00,730.00 1566.00,774.00 1566.00,774.00
             1561.22,779.47 1494.00,819.00 1494.00,819.00
             1494.00,819.00 1494.00,730.00 1494.00,730.00 Z
           M 1401.00,776.00
           C 1401.00,776.00 1474.00,732.00 1474.00,732.00
             1474.00,732.00 1474.00,822.00 1474.00,822.00
             1474.00,822.00 1405.73,781.58 1401.00,776.00 Z
           M 1157.00,770.00
           C 1157.00,770.00 1157.00,859.00 1157.00,859.00
             1157.00,859.00 1085.00,816.00 1085.00,816.00
             1085.00,816.00 1157.00,770.00 1157.00,770.00 Z
           M 1820.00,894.00
           C 1822.67,888.93 1984.76,788.97 1991.00,787.00
             1991.00,787.00 1990.00,998.00 1990.00,998.00
             1990.00,998.00 1820.00,894.00 1820.00,894.00 Z
           M 2016.00,787.00
           C 2016.00,787.00 2187.00,892.00 2187.00,892.00
             2187.00,892.00 2016.00,999.00 2016.00,999.00
             2016.00,999.00 2016.00,787.00 2016.00,787.00 Z
           M 1188.00,789.00
           C 1188.00,789.00 1260.00,833.00 1260.00,833.00
             1260.00,833.00 1188.00,879.00 1188.00,879.00
             1188.00,879.00 1188.00,789.00 1188.00,789.00 Z
           M 1396.00,790.00
           C 1396.00,790.00 1468.00,834.00 1468.00,834.00
             1468.00,834.00 1396.00,880.00 1396.00,880.00
             1396.00,880.00 1396.00,790.00 1396.00,790.00 Z
           M 1578.00,799.00
           C 1578.00,799.00 1645.43,838.77 1650.00,844.00
             1650.00,844.00 1578.00,888.00 1578.00,888.00
             1578.00,888.00 1578.00,799.00 1578.00,799.00 Z
           M 2625.00,896.00
           C 2625.00,896.00 2697.00,941.00 2697.00,941.00
             2697.00,941.00 2625.00,986.00 2625.00,986.00
             2625.00,986.00 2625.00,896.00 2625.00,896.00 Z
           M 2216.00,908.00
           C 2216.00,908.00 2288.00,952.00 2288.00,952.00
             2288.00,952.00 2216.00,997.00 2216.00,997.00
             2216.00,997.00 2216.00,908.00 2216.00,908.00 Z
           M 2227.00,1011.00
           C 2227.00,1011.00 2299.00,967.00 2299.00,967.00
             2299.00,967.00 2299.00,1057.00 2299.00,1057.00
             2299.00,1057.00 2227.00,1011.00 2227.00,1011.00 Z
           M 2084.00,1001.00
           C 2084.00,1001.00 2151.43,1040.77 2156.00,1046.00
             2156.00,1046.00 2084.00,1090.00 2084.00,1090.00
             2084.00,1090.00 2084.00,1001.00 2084.00,1001.00 Z
           M 2632.50,1123.50
           C 2632.50,1123.50 2803.00,1017.00 2803.00,1017.00
             2803.00,1017.00 2802.00,1229.00 2802.00,1229.00
             2802.00,1229.00 2632.50,1123.50 2632.50,1123.50 Z
           M 2419.00,1023.00
           C 2419.00,1023.00 2589.00,1128.00 2589.00,1128.00
             2589.00,1128.00 2419.00,1235.00 2419.00,1235.00
             2419.00,1235.00 2419.00,1023.00 2419.00,1023.00 Z
           M 2216.00,1026.00
           C 2216.00,1026.00 2283.22,1065.53 2288.00,1071.00
             2288.00,1071.00 2216.00,1115.00 2216.00,1115.00
             2216.00,1115.00 2216.00,1026.00 2216.00,1026.00 Z
           M 2400.00,1030.00
           C 2400.00,1030.00 2401.00,1119.00 2401.00,1119.00
             2401.00,1119.00 2329.00,1075.00 2329.00,1075.00
             2329.00,1075.00 2400.00,1030.00 2400.00,1030.00 Z
           M 1992.00,1116.00
           C 1992.00,1116.00 2064.00,1072.00 2064.00,1072.00
             2064.00,1072.00 2064.00,1162.00 2064.00,1162.00
             2064.00,1162.00 1992.00,1116.00 1992.00,1116.00 Z
           M 1979.00,1137.00
           C 1979.00,1137.00 2052.00,1181.00 2052.00,1181.00
             2052.00,1181.00 1980.00,1226.00 1980.00,1226.00
             1980.00,1226.00 1979.00,1137.00 1979.00,1137.00 Z
           M 2601.00,1143.00
           C 2601.00,1143.00 2602.00,1355.00 2602.00,1355.00
             2602.00,1355.00 2431.00,1250.00 2431.00,1250.00
             2431.00,1250.00 2601.00,1143.00 2601.00,1143.00 Z
           M 2402.67,1144.67
           C 2402.67,1144.67 2401.70,1234.79 2401.70,1234.79
             2401.70,1234.79 2329.70,1190.79 2329.70,1190.79
             2329.70,1190.79 2402.67,1144.67 2402.67,1144.67 Z
           M 1992.00,1240.00
           C 1992.00,1240.00 2065.00,1196.00 2065.00,1196.00
             2065.00,1196.00 2065.00,1286.00 2065.00,1286.00
             2065.00,1286.00 1992.00,1240.00 1992.00,1240.00 Z
           M 2084.00,1199.00
           C 2084.00,1199.00 2156.00,1244.00 2156.00,1244.00
             2156.00,1244.00 2084.00,1288.00 2084.00,1288.00
             2084.00,1288.00 2084.00,1199.00 2084.00,1199.00 Z
           M 2000.00,1356.00
           C 2000.00,1356.00 2171.00,1251.00 2171.00,1251.00
             2171.00,1251.00 2171.00,1463.00 2171.00,1463.00
             2171.00,1463.00 2000.00,1356.00 2000.00,1356.00 Z
           M 1897.00,1299.00
           C 1897.00,1299.00 1969.00,1255.00 1969.00,1255.00
             1969.00,1255.00 1969.00,1345.00 1969.00,1345.00
             1969.00,1345.00 1897.00,1299.00 1897.00,1299.00 Z
           M 1980.00,1255.00
           C 1980.00,1255.00 2047.43,1294.77 2052.00,1300.00
             2052.00,1300.00 1980.00,1344.00 1980.00,1344.00
             1980.00,1344.00 1980.00,1255.00 1980.00,1255.00 Z
           M 2415.00,1262.00
           C 2415.00,1262.00 2586.00,1368.00 2586.00,1368.00
             2586.00,1368.00 2415.00,1474.00 2415.00,1474.00
             2415.00,1474.00 2415.00,1262.00 2415.00,1262.00 Z
           M 2224.00,1368.00
           C 2224.00,1368.00 2395.00,1263.00 2395.00,1263.00
             2395.00,1263.00 2395.00,1475.00 2395.00,1475.00
             2395.00,1475.00 2224.00,1368.00 2224.00,1368.00 Z
           M 2809.00,1263.00
           C 2810.93,1267.87 2811.00,1353.00 2811.00,1353.00
             2804.06,1351.30 2738.00,1307.00 2738.00,1307.00
             2738.00,1307.00 2809.00,1263.00 2809.00,1263.00 Z
           M 2733.00,1321.00
           C 2733.00,1321.00 2800.68,1361.26 2806.00,1367.00
             2806.00,1367.00 2733.00,1412.00 2733.00,1412.00
             2733.00,1412.00 2733.00,1321.00 2733.00,1321.00 Z
           M 2641.00,1368.00
           C 2641.00,1368.00 2713.00,1324.00 2713.00,1324.00
             2713.00,1324.00 2713.00,1414.00 2713.00,1414.00
             2713.00,1414.00 2645.88,1373.75 2641.00,1368.00 Z
           M 2627.00,1378.00
           C 2627.00,1378.00 2798.00,1483.00 2798.00,1483.00
             2798.00,1483.00 2798.00,1485.00 2798.00,1485.00
             2798.00,1485.00 2627.00,1590.00 2627.00,1590.00
             2627.00,1590.00 2627.00,1378.00 2627.00,1378.00 Z
           M 2738.00,1424.00
           C 2738.00,1424.00 2804.05,1381.41 2811.00,1380.00
             2811.00,1380.00 2811.00,1470.00 2811.00,1470.00
             2804.04,1468.58 2738.00,1424.00 2738.00,1424.00 Z
           M 2534.00,1425.00
           C 2534.00,1425.00 2606.00,1381.00 2606.00,1381.00
             2606.00,1381.00 2606.00,1471.00 2606.00,1471.00
             2606.00,1471.00 2534.00,1425.00 2534.00,1425.00 Z
           M 536.00,1507.00
           C 536.00,1507.00 696.45,1406.47 706.00,1406.00
             706.00,1406.00 706.00,1614.00 706.00,1614.00
             706.00,1614.00 538.80,1512.30 536.00,1507.00 Z
           M 2503.00,1438.33
           C 2503.00,1438.33 2502.00,1527.00 2502.00,1527.00
             2502.00,1527.00 2430.00,1483.00 2430.00,1483.00
             2430.00,1483.00 2503.00,1438.33 2503.00,1438.33 Z
           M 2521.00,1440.00
           C 2526.76,1441.83 2588.42,1479.76 2593.00,1485.00
             2593.00,1485.00 2521.00,1530.00 2521.00,1530.00
             2521.00,1530.00 2521.00,1440.00 2521.00,1440.00 Z
           M 2534.00,1542.00
           C 2534.00,1542.00 2606.00,1499.00 2606.00,1499.00
             2606.00,1499.00 2606.00,1589.00 2606.00,1589.00
             2606.00,1589.00 2534.00,1542.00 2534.00,1542.00 Z
           M 521.00,1520.00
           C 521.00,1520.00 593.00,1564.00 593.00,1564.00
             593.00,1564.00 521.00,1610.00 521.00,1610.00
             521.00,1610.00 521.00,1520.00 521.00,1520.00 Z
           M 993.00,1596.00
           C 993.00,1596.00 994.00,1596.00 994.00,1596.00
             994.00,1596.00 993.00,1597.00 993.00,1597.00
             993.00,1597.00 993.00,1596.00 993.00,1596.00 Z
           M 1193.00,1621.00
           C 1193.00,1621.00 1265.00,1665.00 1265.00,1665.00
             1260.55,1670.24 1193.00,1711.00 1193.00,1711.00
             1193.00,1711.00 1193.00,1621.00 1193.00,1621.00 Z
           M 523.00,1626.00
           C 523.00,1626.00 695.00,1733.00 695.00,1733.00
             695.00,1733.00 529.25,1837.51 523.00,1839.00
             523.00,1839.00 523.00,1626.00 523.00,1626.00 Z
           M 2602.00,1642.00
           C 2602.00,1642.00 2603.00,1733.00 2603.00,1733.00
             2603.00,1733.00 2530.00,1689.00 2530.00,1689.00
             2533.11,1683.01 2602.00,1642.00 2602.00,1642.00 Z
           M 1079.00,1680.00
           C 1079.00,1680.00 1250.00,1785.00 1250.00,1785.00
             1250.00,1785.00 1079.00,1892.00 1079.00,1892.00
             1079.00,1892.00 1079.00,1680.00 1079.00,1680.00 Z
           M 984.00,1727.00
           C 984.00,1727.00 1057.00,1684.00 1057.00,1684.00
             1057.00,1684.00 1056.00,1773.00 1056.00,1773.00
             1056.00,1773.00 984.00,1727.00 984.00,1727.00 Z
           M 1192.00,1730.00
           C 1192.00,1730.00 1265.00,1685.00 1265.00,1685.00
             1265.00,1685.00 1265.00,1774.00 1265.00,1774.00
             1265.00,1774.00 1192.00,1730.00 1192.00,1730.00 Z
           M 979.00,1741.00
           C 979.00,1741.00 1052.00,1787.00 1052.00,1787.00
             1052.00,1787.00 980.00,1831.00 980.00,1831.00
             980.00,1831.00 979.00,1741.00 979.00,1741.00 Z
           M 509.00,1750.00
           C 509.00,1750.00 510.00,1840.00 510.00,1840.00
             510.00,1840.00 438.00,1796.00 438.00,1796.00
             438.00,1796.00 438.00,1794.00 438.00,1794.00
             438.00,1794.00 509.00,1750.00 509.00,1750.00 Z
           M 1389.00,1763.00
           C 1389.00,1763.00 1462.00,1808.00 1462.00,1808.00
             1462.00,1808.00 1394.52,1852.41 1388.00,1854.00
             1388.00,1854.00 1389.00,1763.00 1389.00,1763.00 Z
           M 531.00,1854.00
           C 531.00,1854.00 604.00,1811.00 604.00,1811.00
             604.00,1811.00 603.00,1900.00 603.00,1900.00
             603.00,1900.00 531.00,1854.00 531.00,1854.00 Z
           M 1486.00,1820.00
           C 1486.00,1820.00 1560.00,1866.00 1560.00,1866.00
             1560.00,1866.00 1487.00,1911.00 1487.00,1911.00
             1487.00,1911.00 1486.00,1820.00 1486.00,1820.00 Z
           M 1394.00,1869.00
           C 1394.00,1869.00 1467.00,1823.67 1467.00,1823.67
             1467.00,1823.67 1467.00,1913.00 1467.00,1913.00
             1467.00,1913.00 1394.00,1869.00 1394.00,1869.00 Z
           M 526.00,1868.00
           C 526.00,1868.00 599.00,1914.00 599.00,1914.00
             599.00,1914.00 527.00,1958.00 527.00,1958.00
             527.00,1958.00 526.00,1868.00 526.00,1868.00 Z
           M 1389.00,1881.00
           C 1389.00,1881.00 1462.00,1925.00 1462.00,1925.00
             1462.00,1925.00 1389.00,1971.00 1389.00,1971.00
             1389.00,1971.00 1389.00,1881.00 1389.00,1881.00 Z
           M 1203.00,1988.00
           C 1203.00,1988.00 1374.00,1883.00 1374.00,1883.00
             1374.00,1883.00 1374.00,2096.00 1374.00,2096.00
             1374.00,2096.00 1203.00,1988.00 1203.00,1988.00 Z
           M 1082.00,1919.00
           C 1082.00,1919.00 1154.00,1963.00 1154.00,1963.00
             1154.00,1963.00 1082.00,2009.00 1082.00,2009.00
             1082.00,2009.00 1082.00,1919.00 1082.00,1919.00 Z
           M 855.33,2016.00
           C 855.33,2016.00 928.33,1972.00 928.33,1972.00
             928.33,1972.00 928.33,2062.00 928.33,2062.00
             922.21,2060.50 855.33,2016.00 855.33,2016.00 Z
           M 944.00,1971.00
           C 944.00,1971.00 1017.00,2015.00 1017.00,2015.00
             1017.00,2015.00 944.00,2061.00 944.00,2061.00
             944.00,2061.00 944.00,1971.00 944.00,1971.00 Z
           M 1085.00,2026.00
           C 1085.00,2026.00 1157.00,1982.00 1157.00,1982.00
             1157.00,1982.00 1157.00,2071.00 1157.00,2071.00
             1157.00,2071.00 1085.00,2026.00 1085.00,2026.00 Z
           M 1188.00,2000.00
           C 1188.00,2000.00 1256.91,2041.06 1260.00,2047.00
             1260.00,2047.00 1187.00,2091.00 1187.00,2091.00
             1187.00,2091.00 1188.00,2000.00 1188.00,2000.00 Z
           M 839.33,2029.33
           C 839.33,2029.33 912.33,2073.33 912.33,2073.33
             912.33,2073.33 839.33,2119.33 839.33,2119.33
             839.33,2119.33 839.33,2029.33 839.33,2029.33 Z
           M 227.00,147.00
           C 227.00,147.00 3073.00,147.00 3073.00,147.00
             3073.00,147.00 3073.00,2403.00 3073.00,2403.00
             3073.00,2403.00 227.00,2403.00 227.00,2403.00
             227.00,2403.00 227.00,147.00 227.00,147.00 Z" />
</svg>
